# Pathway	merged_AB-15100294Week-4_S235_L001__kneaddata_paired_Abundance
UNMAPPED	1453386.9899853426
UNINTEGRATED	4308826.3071206762
UNINTEGRATED|unclassified	1267267.7783697769
UNINTEGRATED|g__Blautia.s__Blautia_obeum	743618.1063784383
UNINTEGRATED|g__Holdemanella.s__Holdemanella_biformis	297058.5276108469
UNINTEGRATED|g__Blautia.s__Blautia_wexlerae	291642.3586672777
UNINTEGRATED|g__Dorea.s__Dorea_longicatena	273856.7908619434
UNINTEGRATED|g__Ruminococcus.s__Ruminococcus_lactaris	256511.1399042041
UNINTEGRATED|g__Dorea.s__Dorea_formicigenerans	209621.9618007110
UNINTEGRATED|g__Anaerostipes.s__Anaerostipes_hadrus	187535.7076620274
UNINTEGRATED|g__Ruminococcus.s__Ruminococcus_sp_AF31_8BH	108721.4437538142
UNINTEGRATED|g__Gemmiger.s__Gemmiger_formicilis	97389.1312818619
UNINTEGRATED|g__Collinsella.s__Collinsella_aerofaciens	86592.7742478375
UNINTEGRATED|g__Firmicutes_unclassified.s__Firmicutes_bacterium_AM10_47	75767.9701145394
UNINTEGRATED|g__Lachnospiraceae_unclassified.s__Eubacterium_rectale	67177.6591211868
UNINTEGRATED|g__Roseburia.s__Roseburia_hominis	48872.9962300223
UNINTEGRATED|g__Ruminococcus.s__Ruminococcus_bromii	48653.0207502503
UNINTEGRATED|g__Faecalibacterium.s__Faecalibacterium_prausnitzii	46665.2731685225
UNINTEGRATED|g__Eubacterium.s__Eubacterium_ramulus	44624.7445652230
UNINTEGRATED|g__Catenibacterium.s__Catenibacterium_mitsuokai	41044.5610963354
UNINTEGRATED|g__Ruthenibacterium.s__Ruthenibacterium_lactatiformans	17150.9130637602
UNINTEGRATED|g__Lachnoclostridium.s__Clostridium_scindens	12790.0294947346
UNINTEGRATED|g__Roseburia.s__Roseburia_faecis	12260.3252784601
UNINTEGRATED|g__Intestinibacter.s__Intestinibacter_bartlettii	10302.1270649808
UNINTEGRATED|g__Asaccharobacter.s__Asaccharobacter_celatus	9784.8752428742
UNINTEGRATED|g__Streptococcus.s__Streptococcus_salivarius	9052.4012873785
UNINTEGRATED|g__Eggerthella.s__Eggerthella_lenta	8288.8825310249
UNINTEGRATED|g__Streptococcus.s__Streptococcus_thermophilus	4888.1275188925
UNINTEGRATED|g__Streptococcus.s__Streptococcus_pneumoniae	4770.0808753720
UNINTEGRATED|g__Streptococcus.s__Streptococcus_australis	2382.2670870632
UNINTEGRATED|g__Streptococcus.s__Streptococcus_sp_A12	1485.6517238233
UNINTEGRATED|g__Streptococcus.s__Streptococcus_infantis	1318.8175040892
UNINTEGRATED|g__Streptococcus.s__Streptococcus_equinus	1220.4762043026
UNINTEGRATED|g__Gordonibacter.s__Gordonibacter_pamelaeae	1178.0528615466
UNINTEGRATED|g__Streptococcus.s__Streptococcus_vestibularis	816.9374119713
UNINTEGRATED|g__Gordonibacter.s__Gordonibacter_urolithinfaciens	722.8400395671
UNINTEGRATED|g__Streptococcus.s__Streptococcus_oralis	686.7074034327
UNINTEGRATED|g__Streptococcus.s__Streptococcus_mitis	559.3065275931
PWY-7238: sucrose biosynthesis II	6857.3784446984
PWY-7238: sucrose biosynthesis II|unclassified	2354.1930907851
PWY-7238: sucrose biosynthesis II|g__Blautia.s__Blautia_obeum	1438.8865318033
PWY-7238: sucrose biosynthesis II|g__Blautia.s__Blautia_wexlerae	495.0502902748
PWY-7238: sucrose biosynthesis II|g__Dorea.s__Dorea_longicatena	380.8679562102
PWY-7238: sucrose biosynthesis II|g__Holdemanella.s__Holdemanella_biformis	377.0950785010
PWY-7238: sucrose biosynthesis II|g__Ruminococcus.s__Ruminococcus_lactaris	210.6269347243
PWY-7238: sucrose biosynthesis II|g__Anaerostipes.s__Anaerostipes_hadrus	210.6031243492
PWY-7238: sucrose biosynthesis II|g__Gemmiger.s__Gemmiger_formicilis	166.5919283598
PWY-7238: sucrose biosynthesis II|g__Collinsella.s__Collinsella_aerofaciens	162.9556774013
PWY-7238: sucrose biosynthesis II|g__Dorea.s__Dorea_formicigenerans	156.0438033444
PWY-7238: sucrose biosynthesis II|g__Roseburia.s__Roseburia_hominis	99.9812434979
PWY-7238: sucrose biosynthesis II|g__Ruminococcus.s__Ruminococcus_bromii	97.3962378180
PWY-7238: sucrose biosynthesis II|g__Firmicutes_unclassified.s__Firmicutes_bacterium_AM10_47	86.7373249278
PWY-7238: sucrose biosynthesis II|g__Ruminococcus.s__Ruminococcus_sp_AF31_8BH	57.9402596092
PWY-7238: sucrose biosynthesis II|g__Catenibacterium.s__Catenibacterium_mitsuokai	49.7236999208
PWY-7238: sucrose biosynthesis II|g__Intestinibacter.s__Intestinibacter_bartlettii	19.8693511812
PWY-7238: sucrose biosynthesis II|g__Eubacterium.s__Eubacterium_ramulus	12.8433799446
PWY-7238: sucrose biosynthesis II|g__Streptococcus.s__Streptococcus_infantis	10.1097593029
PWY-7238: sucrose biosynthesis II|g__Ruthenibacterium.s__Ruthenibacterium_lactatiformans	7.9591841093
PWY-7238: sucrose biosynthesis II|g__Streptococcus.s__Streptococcus_pneumoniae	4.7506038184
PWY-7238: sucrose biosynthesis II|g__Streptococcus.s__Streptococcus_australis	4.4766377938
PWY-7238: sucrose biosynthesis II|g__Streptococcus.s__Streptococcus_thermophilus	4.0788548195
PWY-7238: sucrose biosynthesis II|g__Streptococcus.s__Streptococcus_sp_A12	2.3705223411
PWY-7238: sucrose biosynthesis II|g__Streptococcus.s__Streptococcus_mitis	1.3677838501
PWY-7238: sucrose biosynthesis II|g__Streptococcus.s__Streptococcus_equinus	1.3083060220
PWY-5941: glycogen degradation II	6050.0166784346
PWY-5941: glycogen degradation II|unclassified	1870.0634674324
PWY-5941: glycogen degradation II|g__Blautia.s__Blautia_obeum	1171.9708465334
PWY-5941: glycogen degradation II|g__Blautia.s__Blautia_wexlerae	484.2988141948
PWY-5941: glycogen degradation II|g__Holdemanella.s__Holdemanella_biformis	370.5603658692
PWY-5941: glycogen degradation II|g__Dorea.s__Dorea_longicatena	329.2934741628
PWY-5941: glycogen degradation II|g__Ruminococcus.s__Ruminococcus_lactaris	223.3978721724
PWY-5941: glycogen degradation II|g__Anaerostipes.s__Anaerostipes_hadrus	213.4602695501
PWY-5941: glycogen degradation II|g__Collinsella.s__Collinsella_aerofaciens	175.7181477001
PWY-5941: glycogen degradation II|g__Dorea.s__Dorea_formicigenerans	145.8499590736
PWY-5941: glycogen degradation II|g__Firmicutes_unclassified.s__Firmicutes_bacterium_AM10_47	99.2372831818
PWY-5941: glycogen degradation II|g__Roseburia.s__Roseburia_hominis	77.7920983793
PWY-5941: glycogen degradation II|g__Ruminococcus.s__Ruminococcus_sp_AF31_8BH	77.0021871244
PWY-5941: glycogen degradation II|g__Catenibacterium.s__Catenibacterium_mitsuokai	49.0952710147
PWY-5941: glycogen degradation II|g__Eubacterium.s__Eubacterium_ramulus	13.5126021092
PWY-5941: glycogen degradation II|g__Streptococcus.s__Streptococcus_infantis	8.1801238094
PWY-5941: glycogen degradation II|g__Streptococcus.s__Streptococcus_australis	4.5861335745
PWY-5941: glycogen degradation II|g__Streptococcus.s__Streptococcus_sp_A12	2.2862911752
PWY-5941: glycogen degradation II|g__Streptococcus.s__Streptococcus_mitis	1.6949193926
GLYCOGENSYNTH-PWY: glycogen biosynthesis I (from ADP-D-Glucose)	5891.5851155673
GLYCOGENSYNTH-PWY: glycogen biosynthesis I (from ADP-D-Glucose)|unclassified	2130.6221853964
GLYCOGENSYNTH-PWY: glycogen biosynthesis I (from ADP-D-Glucose)|g__Blautia.s__Blautia_obeum	696.4871068586
GLYCOGENSYNTH-PWY: glycogen biosynthesis I (from ADP-D-Glucose)|g__Blautia.s__Blautia_wexlerae	532.6983336015
GLYCOGENSYNTH-PWY: glycogen biosynthesis I (from ADP-D-Glucose)|g__Holdemanella.s__Holdemanella_biformis	474.9844528436
GLYCOGENSYNTH-PWY: glycogen biosynthesis I (from ADP-D-Glucose)|g__Dorea.s__Dorea_longicatena	385.3207419404
GLYCOGENSYNTH-PWY: glycogen biosynthesis I (from ADP-D-Glucose)|g__Anaerostipes.s__Anaerostipes_hadrus	260.7080903334
GLYCOGENSYNTH-PWY: glycogen biosynthesis I (from ADP-D-Glucose)|g__Ruminococcus.s__Ruminococcus_lactaris	213.3971718921
GLYCOGENSYNTH-PWY: glycogen biosynthesis I (from ADP-D-Glucose)|g__Ruminococcus.s__Ruminococcus_sp_AF31_8BH	159.1082896436
GLYCOGENSYNTH-PWY: glycogen biosynthesis I (from ADP-D-Glucose)|g__Gemmiger.s__Gemmiger_formicilis	147.1466497977
GLYCOGENSYNTH-PWY: glycogen biosynthesis I (from ADP-D-Glucose)|g__Dorea.s__Dorea_formicigenerans	142.9255425456
GLYCOGENSYNTH-PWY: glycogen biosynthesis I (from ADP-D-Glucose)|g__Collinsella.s__Collinsella_aerofaciens	121.3000698725
GLYCOGENSYNTH-PWY: glycogen biosynthesis I (from ADP-D-Glucose)|g__Firmicutes_unclassified.s__Firmicutes_bacterium_AM10_47	108.2297191031
GLYCOGENSYNTH-PWY: glycogen biosynthesis I (from ADP-D-Glucose)|g__Ruminococcus.s__Ruminococcus_bromii	80.4470366493
GLYCOGENSYNTH-PWY: glycogen biosynthesis I (from ADP-D-Glucose)|g__Roseburia.s__Roseburia_hominis	77.1281977704
GLYCOGENSYNTH-PWY: glycogen biosynthesis I (from ADP-D-Glucose)|g__Catenibacterium.s__Catenibacterium_mitsuokai	67.4639063344
GLYCOGENSYNTH-PWY: glycogen biosynthesis I (from ADP-D-Glucose)|g__Faecalibacterium.s__Faecalibacterium_prausnitzii	8.7068557909
GLYCOGENSYNTH-PWY: glycogen biosynthesis I (from ADP-D-Glucose)|g__Streptococcus.s__Streptococcus_australis	4.6971862937
GLYCOGENSYNTH-PWY: glycogen biosynthesis I (from ADP-D-Glucose)|g__Streptococcus.s__Streptococcus_sp_A12	2.1150102990
PWY-1042: glycolysis IV	4998.5329027196
PWY-1042: glycolysis IV|unclassified	1423.3650173563
PWY-1042: glycolysis IV|g__Blautia.s__Blautia_wexlerae	528.0080863447
PWY-1042: glycolysis IV|g__Blautia.s__Blautia_obeum	450.2457832981
PWY-1042: glycolysis IV|g__Anaerostipes.s__Anaerostipes_hadrus	271.6742700216
PWY-1042: glycolysis IV|g__Ruminococcus.s__Ruminococcus_lactaris	250.2011921642
PWY-1042: glycolysis IV|g__Ruminococcus.s__Ruminococcus_sp_AF31_8BH	145.6480493617
PWY-1042: glycolysis IV|g__Dorea.s__Dorea_longicatena	138.5908192405
PWY-1042: glycolysis IV|g__Collinsella.s__Collinsella_aerofaciens	121.4862782590
PWY-1042: glycolysis IV|g__Dorea.s__Dorea_formicigenerans	102.5946119446
PWY-1042: glycolysis IV|g__Firmicutes_unclassified.s__Firmicutes_bacterium_AM10_47	100.3359449453
PWY-1042: glycolysis IV|g__Roseburia.s__Roseburia_hominis	59.1141868496
PWY-1042: glycolysis IV|g__Catenibacterium.s__Catenibacterium_mitsuokai	42.9923601185
PWY-1042: glycolysis IV|g__Eggerthella.s__Eggerthella_lenta	9.2488547934
PWY-1042: glycolysis IV|g__Streptococcus.s__Streptococcus_infantis	4.5266749049
PWY-1042: glycolysis IV|g__Streptococcus.s__Streptococcus_salivarius	2.8046997677
CALVIN-PWY: Calvin-Benson-Bassham cycle	4196.3050517662
CALVIN-PWY: Calvin-Benson-Bassham cycle|unclassified	1434.9720626888
CALVIN-PWY: Calvin-Benson-Bassham cycle|g__Blautia.s__Blautia_wexlerae	545.5194981128
CALVIN-PWY: Calvin-Benson-Bassham cycle|g__Blautia.s__Blautia_obeum	477.5589219855
CALVIN-PWY: Calvin-Benson-Bassham cycle|g__Anaerostipes.s__Anaerostipes_hadrus	155.1048516252
CALVIN-PWY: Calvin-Benson-Bassham cycle|g__Ruminococcus.s__Ruminococcus_sp_AF31_8BH	137.1971251434
CALVIN-PWY: Calvin-Benson-Bassham cycle|g__Collinsella.s__Collinsella_aerofaciens	134.1249777130
CALVIN-PWY: Calvin-Benson-Bassham cycle|g__Roseburia.s__Roseburia_hominis	31.7187389141
CALVIN-PWY: Calvin-Benson-Bassham cycle|g__Intestinibacter.s__Intestinibacter_bartlettii	17.7100005113
PWY-6163: chorismate biosynthesis from 3-dehydroquinate	4193.6118998596
PWY-6163: chorismate biosynthesis from 3-dehydroquinate|unclassified	1603.2491213443
PWY-6163: chorismate biosynthesis from 3-dehydroquinate|g__Blautia.s__Blautia_obeum	601.5690159322
PWY-6163: chorismate biosynthesis from 3-dehydroquinate|g__Holdemanella.s__Holdemanella_biformis	397.5373605550
PWY-6163: chorismate biosynthesis from 3-dehydroquinate|g__Blautia.s__Blautia_wexlerae	239.2654887554
PWY-6163: chorismate biosynthesis from 3-dehydroquinate|g__Ruminococcus.s__Ruminococcus_lactaris	195.3823327949
PWY-6163: chorismate biosynthesis from 3-dehydroquinate|g__Anaerostipes.s__Anaerostipes_hadrus	163.9243347251
PWY-6163: chorismate biosynthesis from 3-dehydroquinate|g__Collinsella.s__Collinsella_aerofaciens	101.7333247929
PWY-6163: chorismate biosynthesis from 3-dehydroquinate|g__Ruminococcus.s__Ruminococcus_bromii	98.0927417956
PWY-6163: chorismate biosynthesis from 3-dehydroquinate|g__Dorea.s__Dorea_longicatena	95.8524017843
PWY-6163: chorismate biosynthesis from 3-dehydroquinate|g__Firmicutes_unclassified.s__Firmicutes_bacterium_AM10_47	81.2068408642
PWY-6163: chorismate biosynthesis from 3-dehydroquinate|g__Dorea.s__Dorea_formicigenerans	76.2458822429
PWY-6163: chorismate biosynthesis from 3-dehydroquinate|g__Roseburia.s__Roseburia_hominis	48.2634138339
PWY-6163: chorismate biosynthesis from 3-dehydroquinate|g__Catenibacterium.s__Catenibacterium_mitsuokai	35.9743650661
DTDPRHAMSYN-PWY: dTDP-&beta;-L-rhamnose biosynthesis	4042.6763881318
DTDPRHAMSYN-PWY: dTDP-&beta;-L-rhamnose biosynthesis|unclassified	1671.2562390823
DTDPRHAMSYN-PWY: dTDP-&beta;-L-rhamnose biosynthesis|g__Blautia.s__Blautia_obeum	760.9577968067
DTDPRHAMSYN-PWY: dTDP-&beta;-L-rhamnose biosynthesis|g__Blautia.s__Blautia_wexlerae	383.3439291707
DTDPRHAMSYN-PWY: dTDP-&beta;-L-rhamnose biosynthesis|g__Holdemanella.s__Holdemanella_biformis	307.2638592663
DTDPRHAMSYN-PWY: dTDP-&beta;-L-rhamnose biosynthesis|g__Collinsella.s__Collinsella_aerofaciens	208.4085425567
DTDPRHAMSYN-PWY: dTDP-&beta;-L-rhamnose biosynthesis|g__Dorea.s__Dorea_longicatena	149.6608963783
DTDPRHAMSYN-PWY: dTDP-&beta;-L-rhamnose biosynthesis|g__Gemmiger.s__Gemmiger_formicilis	136.8737304189
DTDPRHAMSYN-PWY: dTDP-&beta;-L-rhamnose biosynthesis|g__Firmicutes_unclassified.s__Firmicutes_bacterium_AM10_47	133.3344180332
DTDPRHAMSYN-PWY: dTDP-&beta;-L-rhamnose biosynthesis|g__Anaerostipes.s__Anaerostipes_hadrus	127.2196693158
DTDPRHAMSYN-PWY: dTDP-&beta;-L-rhamnose biosynthesis|g__Dorea.s__Dorea_formicigenerans	79.7239999713
DTDPRHAMSYN-PWY: dTDP-&beta;-L-rhamnose biosynthesis|g__Ruminococcus.s__Ruminococcus_sp_AF31_8BH	68.1420008502
DTDPRHAMSYN-PWY: dTDP-&beta;-L-rhamnose biosynthesis|g__Faecalibacterium.s__Faecalibacterium_prausnitzii	13.6623784839
DTDPRHAMSYN-PWY: dTDP-&beta;-L-rhamnose biosynthesis|g__Roseburia.s__Roseburia_hominis	11.7140808165
DTDPRHAMSYN-PWY: dTDP-&beta;-L-rhamnose biosynthesis|g__Eggerthella.s__Eggerthella_lenta	11.0732712607
DTDPRHAMSYN-PWY: dTDP-&beta;-L-rhamnose biosynthesis|g__Ruthenibacterium.s__Ruthenibacterium_lactatiformans	10.4644856385
DTDPRHAMSYN-PWY: dTDP-&beta;-L-rhamnose biosynthesis|g__Lachnoclostridium.s__Clostridium_scindens	5.8124602745
DTDPRHAMSYN-PWY: dTDP-&beta;-L-rhamnose biosynthesis|g__Streptococcus.s__Streptococcus_australis	5.1018040299
DTDPRHAMSYN-PWY: dTDP-&beta;-L-rhamnose biosynthesis|g__Streptococcus.s__Streptococcus_sp_A12	3.5160629071
DTDPRHAMSYN-PWY: dTDP-&beta;-L-rhamnose biosynthesis|g__Lachnospiraceae_unclassified.s__Eubacterium_rectale	3.3149532797
DTDPRHAMSYN-PWY: dTDP-&beta;-L-rhamnose biosynthesis|g__Streptococcus.s__Streptococcus_salivarius	1.5417228753
ARO-PWY: chorismate biosynthesis I	4038.4725505589
ARO-PWY: chorismate biosynthesis I|unclassified	1562.6634185689
ARO-PWY: chorismate biosynthesis I|g__Blautia.s__Blautia_obeum	578.1467289222
ARO-PWY: chorismate biosynthesis I|g__Holdemanella.s__Holdemanella_biformis	439.5594440968
ARO-PWY: chorismate biosynthesis I|g__Blautia.s__Blautia_wexlerae	200.6019861655
ARO-PWY: chorismate biosynthesis I|g__Ruminococcus.s__Ruminococcus_lactaris	197.1232774745
ARO-PWY: chorismate biosynthesis I|g__Anaerostipes.s__Anaerostipes_hadrus	159.4220416142
ARO-PWY: chorismate biosynthesis I|g__Dorea.s__Dorea_longicatena	118.3703734886
ARO-PWY: chorismate biosynthesis I|g__Collinsella.s__Collinsella_aerofaciens	113.9763574229
ARO-PWY: chorismate biosynthesis I|g__Ruminococcus.s__Ruminococcus_bromii	91.6449043424
ARO-PWY: chorismate biosynthesis I|g__Dorea.s__Dorea_formicigenerans	87.6748890715
ARO-PWY: chorismate biosynthesis I|g__Firmicutes_unclassified.s__Firmicutes_bacterium_AM10_47	71.0785930164
ARO-PWY: chorismate biosynthesis I|g__Roseburia.s__Roseburia_hominis	48.0227538773
ARO-PWY: chorismate biosynthesis I|g__Catenibacterium.s__Catenibacterium_mitsuokai	33.8360606914
PWY-6386: UDP-N-acetylmuramoyl-pentapeptide biosynthesis II (lysine-containing)	4020.6375262795
PWY-6386: UDP-N-acetylmuramoyl-pentapeptide biosynthesis II (lysine-containing)|unclassified	1589.9096480978
PWY-6386: UDP-N-acetylmuramoyl-pentapeptide biosynthesis II (lysine-containing)|g__Blautia.s__Blautia_obeum	453.9343748649
PWY-6386: UDP-N-acetylmuramoyl-pentapeptide biosynthesis II (lysine-containing)|g__Holdemanella.s__Holdemanella_biformis	341.1880022947
PWY-6386: UDP-N-acetylmuramoyl-pentapeptide biosynthesis II (lysine-containing)|g__Blautia.s__Blautia_wexlerae	296.3543705476
PWY-6386: UDP-N-acetylmuramoyl-pentapeptide biosynthesis II (lysine-containing)|g__Dorea.s__Dorea_longicatena	211.2417626863
PWY-6386: UDP-N-acetylmuramoyl-pentapeptide biosynthesis II (lysine-containing)|g__Ruminococcus.s__Ruminococcus_lactaris	163.7287930834
PWY-6386: UDP-N-acetylmuramoyl-pentapeptide biosynthesis II (lysine-containing)|g__Anaerostipes.s__Anaerostipes_hadrus	147.3189824544
PWY-6386: UDP-N-acetylmuramoyl-pentapeptide biosynthesis II (lysine-containing)|g__Collinsella.s__Collinsella_aerofaciens	131.0343675840
PWY-6386: UDP-N-acetylmuramoyl-pentapeptide biosynthesis II (lysine-containing)|g__Gemmiger.s__Gemmiger_formicilis	109.9564329155
PWY-6386: UDP-N-acetylmuramoyl-pentapeptide biosynthesis II (lysine-containing)|g__Dorea.s__Dorea_formicigenerans	93.8983969737
PWY-6386: UDP-N-acetylmuramoyl-pentapeptide biosynthesis II (lysine-containing)|g__Firmicutes_unclassified.s__Firmicutes_bacterium_AM10_47	71.9651889211
PWY-6386: UDP-N-acetylmuramoyl-pentapeptide biosynthesis II (lysine-containing)|g__Ruminococcus.s__Ruminococcus_sp_AF31_8BH	49.9743223165
PWY-6386: UDP-N-acetylmuramoyl-pentapeptide biosynthesis II (lysine-containing)|g__Catenibacterium.s__Catenibacterium_mitsuokai	16.2194688733
PWY-6386: UDP-N-acetylmuramoyl-pentapeptide biosynthesis II (lysine-containing)|g__Intestinibacter.s__Intestinibacter_bartlettii	12.3602248966
PWY-6386: UDP-N-acetylmuramoyl-pentapeptide biosynthesis II (lysine-containing)|g__Streptococcus.s__Streptococcus_sp_A12	4.0361126167
PWY-6386: UDP-N-acetylmuramoyl-pentapeptide biosynthesis II (lysine-containing)|g__Streptococcus.s__Streptococcus_australis	2.1231998670
PWY-8178: pentose phosphate pathway (non-oxidative branch) II	3983.7888398783
PWY-8178: pentose phosphate pathway (non-oxidative branch) II|unclassified	1609.8956872474
PWY-8178: pentose phosphate pathway (non-oxidative branch) II|g__Blautia.s__Blautia_wexlerae	483.9404646217
PWY-8178: pentose phosphate pathway (non-oxidative branch) II|g__Blautia.s__Blautia_obeum	445.9673765857
PWY-8178: pentose phosphate pathway (non-oxidative branch) II|g__Anaerostipes.s__Anaerostipes_hadrus	170.7458700585
PWY-8178: pentose phosphate pathway (non-oxidative branch) II|g__Collinsella.s__Collinsella_aerofaciens	126.1360949245
PWY-8178: pentose phosphate pathway (non-oxidative branch) II|g__Ruminococcus.s__Ruminococcus_sp_AF31_8BH	120.5368673822
PWY-8178: pentose phosphate pathway (non-oxidative branch) II|g__Roseburia.s__Roseburia_hominis	56.1308491141
PWY-8178: pentose phosphate pathway (non-oxidative branch) II|g__Catenibacterium.s__Catenibacterium_mitsuokai	32.7910700359
PWY-8178: pentose phosphate pathway (non-oxidative branch) II|g__Streptococcus.s__Streptococcus_salivarius	1.6948433034
PWY-6122: 5-aminoimidazole ribonucleotide biosynthesis II	3937.5383454319
PWY-6122: 5-aminoimidazole ribonucleotide biosynthesis II|unclassified	1350.5554047227
PWY-6122: 5-aminoimidazole ribonucleotide biosynthesis II|g__Blautia.s__Blautia_obeum	616.6186912013
PWY-6122: 5-aminoimidazole ribonucleotide biosynthesis II|g__Holdemanella.s__Holdemanella_biformis	590.5840155355
PWY-6122: 5-aminoimidazole ribonucleotide biosynthesis II|g__Blautia.s__Blautia_wexlerae	301.6420639748
PWY-6122: 5-aminoimidazole ribonucleotide biosynthesis II|g__Dorea.s__Dorea_longicatena	200.2348863413
PWY-6122: 5-aminoimidazole ribonucleotide biosynthesis II|g__Ruminococcus.s__Ruminococcus_lactaris	176.3556219180
PWY-6122: 5-aminoimidazole ribonucleotide biosynthesis II|g__Collinsella.s__Collinsella_aerofaciens	123.2104593190
PWY-6122: 5-aminoimidazole ribonucleotide biosynthesis II|g__Anaerostipes.s__Anaerostipes_hadrus	120.0077638285
PWY-6122: 5-aminoimidazole ribonucleotide biosynthesis II|g__Gemmiger.s__Gemmiger_formicilis	117.0144587665
PWY-6122: 5-aminoimidazole ribonucleotide biosynthesis II|g__Dorea.s__Dorea_formicigenerans	97.8242991382
PWY-6122: 5-aminoimidazole ribonucleotide biosynthesis II|g__Ruminococcus.s__Ruminococcus_sp_AF31_8BH	88.6954314857
PWY-6122: 5-aminoimidazole ribonucleotide biosynthesis II|g__Firmicutes_unclassified.s__Firmicutes_bacterium_AM10_47	73.1613561898
PWY-6122: 5-aminoimidazole ribonucleotide biosynthesis II|g__Ruminococcus.s__Ruminococcus_bromii	72.4973838128
PWY-6122: 5-aminoimidazole ribonucleotide biosynthesis II|g__Catenibacterium.s__Catenibacterium_mitsuokai	48.8405926428
PWY-6122: 5-aminoimidazole ribonucleotide biosynthesis II|g__Roseburia.s__Roseburia_hominis	45.3065189885
PWY-6122: 5-aminoimidazole ribonucleotide biosynthesis II|g__Eubacterium.s__Eubacterium_ramulus	15.0534333380
PWY-6122: 5-aminoimidazole ribonucleotide biosynthesis II|g__Asaccharobacter.s__Asaccharobacter_celatus	14.0024594765
PWY-6122: 5-aminoimidazole ribonucleotide biosynthesis II|g__Intestinibacter.s__Intestinibacter_bartlettii	13.3722955880
PWY-6122: 5-aminoimidazole ribonucleotide biosynthesis II|g__Eggerthella.s__Eggerthella_lenta	8.8755687824
PWY-6122: 5-aminoimidazole ribonucleotide biosynthesis II|g__Streptococcus.s__Streptococcus_australis	4.3079831973
PWY-6122: 5-aminoimidazole ribonucleotide biosynthesis II|g__Streptococcus.s__Streptococcus_sp_A12	3.2742018191
PWY-6122: 5-aminoimidazole ribonucleotide biosynthesis II|g__Streptococcus.s__Streptococcus_equinus	3.1718380317
PWY-6122: 5-aminoimidazole ribonucleotide biosynthesis II|g__Streptococcus.s__Streptococcus_infantis	2.7282241982
PWY-6122: 5-aminoimidazole ribonucleotide biosynthesis II|g__Streptococcus.s__Streptococcus_thermophilus	2.6812026984
PWY-6122: 5-aminoimidazole ribonucleotide biosynthesis II|g__Streptococcus.s__Streptococcus_vestibularis	1.4475418821
PWY-6122: 5-aminoimidazole ribonucleotide biosynthesis II|g__Streptococcus.s__Streptococcus_oralis	1.0200016077
PWY-6122: 5-aminoimidazole ribonucleotide biosynthesis II|g__Streptococcus.s__Streptococcus_mitis	0.9661252673
PWY-6277: superpathway of 5-aminoimidazole ribonucleotide biosynthesis	3937.5383454319
PWY-6277: superpathway of 5-aminoimidazole ribonucleotide biosynthesis|unclassified	1350.5554047227
PWY-6277: superpathway of 5-aminoimidazole ribonucleotide biosynthesis|g__Blautia.s__Blautia_obeum	616.6186912013
PWY-6277: superpathway of 5-aminoimidazole ribonucleotide biosynthesis|g__Holdemanella.s__Holdemanella_biformis	590.5840155355
PWY-6277: superpathway of 5-aminoimidazole ribonucleotide biosynthesis|g__Blautia.s__Blautia_wexlerae	301.6420639748
PWY-6277: superpathway of 5-aminoimidazole ribonucleotide biosynthesis|g__Dorea.s__Dorea_longicatena	200.2348863413
PWY-6277: superpathway of 5-aminoimidazole ribonucleotide biosynthesis|g__Ruminococcus.s__Ruminococcus_lactaris	176.3556219180
PWY-6277: superpathway of 5-aminoimidazole ribonucleotide biosynthesis|g__Collinsella.s__Collinsella_aerofaciens	123.2104593190
PWY-6277: superpathway of 5-aminoimidazole ribonucleotide biosynthesis|g__Anaerostipes.s__Anaerostipes_hadrus	120.0077638285
PWY-6277: superpathway of 5-aminoimidazole ribonucleotide biosynthesis|g__Gemmiger.s__Gemmiger_formicilis	117.0144587665
PWY-6277: superpathway of 5-aminoimidazole ribonucleotide biosynthesis|g__Dorea.s__Dorea_formicigenerans	97.8242991382
PWY-6277: superpathway of 5-aminoimidazole ribonucleotide biosynthesis|g__Ruminococcus.s__Ruminococcus_sp_AF31_8BH	88.6954314857
PWY-6277: superpathway of 5-aminoimidazole ribonucleotide biosynthesis|g__Firmicutes_unclassified.s__Firmicutes_bacterium_AM10_47	73.1613561898
PWY-6277: superpathway of 5-aminoimidazole ribonucleotide biosynthesis|g__Ruminococcus.s__Ruminococcus_bromii	72.4973838128
PWY-6277: superpathway of 5-aminoimidazole ribonucleotide biosynthesis|g__Catenibacterium.s__Catenibacterium_mitsuokai	48.8405926428
PWY-6277: superpathway of 5-aminoimidazole ribonucleotide biosynthesis|g__Roseburia.s__Roseburia_hominis	45.3065189885
PWY-6277: superpathway of 5-aminoimidazole ribonucleotide biosynthesis|g__Eubacterium.s__Eubacterium_ramulus	15.0534333380
PWY-6277: superpathway of 5-aminoimidazole ribonucleotide biosynthesis|g__Asaccharobacter.s__Asaccharobacter_celatus	14.0024594765
PWY-6277: superpathway of 5-aminoimidazole ribonucleotide biosynthesis|g__Intestinibacter.s__Intestinibacter_bartlettii	13.3722955880
PWY-6277: superpathway of 5-aminoimidazole ribonucleotide biosynthesis|g__Eggerthella.s__Eggerthella_lenta	8.8755687824
PWY-6277: superpathway of 5-aminoimidazole ribonucleotide biosynthesis|g__Streptococcus.s__Streptococcus_australis	4.3079831973
PWY-6277: superpathway of 5-aminoimidazole ribonucleotide biosynthesis|g__Streptococcus.s__Streptococcus_sp_A12	3.2742018191
PWY-6277: superpathway of 5-aminoimidazole ribonucleotide biosynthesis|g__Streptococcus.s__Streptococcus_equinus	3.1718380317
PWY-6277: superpathway of 5-aminoimidazole ribonucleotide biosynthesis|g__Streptococcus.s__Streptococcus_infantis	2.7282241982
PWY-6277: superpathway of 5-aminoimidazole ribonucleotide biosynthesis|g__Streptococcus.s__Streptococcus_thermophilus	2.6812026984
PWY-6277: superpathway of 5-aminoimidazole ribonucleotide biosynthesis|g__Streptococcus.s__Streptococcus_vestibularis	1.4475418821
PWY-6277: superpathway of 5-aminoimidazole ribonucleotide biosynthesis|g__Streptococcus.s__Streptococcus_oralis	1.0200016077
PWY-6277: superpathway of 5-aminoimidazole ribonucleotide biosynthesis|g__Streptococcus.s__Streptococcus_mitis	0.9661252673
PWY-5686: UMP biosynthesis I	3909.7170620915
PWY-5686: UMP biosynthesis I|unclassified	1269.5522298221
PWY-5686: UMP biosynthesis I|g__Holdemanella.s__Holdemanella_biformis	513.7807488421
PWY-5686: UMP biosynthesis I|g__Blautia.s__Blautia_obeum	343.4925987639
PWY-5686: UMP biosynthesis I|g__Blautia.s__Blautia_wexlerae	308.9067919181
PWY-5686: UMP biosynthesis I|g__Ruminococcus.s__Ruminococcus_lactaris	203.9482624521
PWY-5686: UMP biosynthesis I|g__Anaerostipes.s__Anaerostipes_hadrus	152.8086876060
PWY-5686: UMP biosynthesis I|g__Dorea.s__Dorea_longicatena	141.8412271833
PWY-5686: UMP biosynthesis I|g__Gemmiger.s__Gemmiger_formicilis	127.1597432170
PWY-5686: UMP biosynthesis I|g__Collinsella.s__Collinsella_aerofaciens	98.4767861287
PWY-5686: UMP biosynthesis I|g__Dorea.s__Dorea_formicigenerans	86.4939263038
PWY-5686: UMP biosynthesis I|g__Firmicutes_unclassified.s__Firmicutes_bacterium_AM10_47	80.9565960053
PWY-5686: UMP biosynthesis I|g__Ruminococcus.s__Ruminococcus_sp_AF31_8BH	40.3310107785
PWY-5686: UMP biosynthesis I|g__Catenibacterium.s__Catenibacterium_mitsuokai	33.7468350388
PWY-5686: UMP biosynthesis I|g__Asaccharobacter.s__Asaccharobacter_celatus	11.3371084761
PWY-5686: UMP biosynthesis I|g__Eubacterium.s__Eubacterium_ramulus	10.3314922060
PWY-5686: UMP biosynthesis I|g__Streptococcus.s__Streptococcus_sp_A12	7.2802950165
PWY-7790: UMP biosynthesis II	3909.7170620915
PWY-7790: UMP biosynthesis II|unclassified	1269.5522298221
PWY-7790: UMP biosynthesis II|g__Holdemanella.s__Holdemanella_biformis	513.7807488421
PWY-7790: UMP biosynthesis II|g__Blautia.s__Blautia_obeum	343.4925987639
PWY-7790: UMP biosynthesis II|g__Blautia.s__Blautia_wexlerae	308.9067919181
PWY-7790: UMP biosynthesis II|g__Ruminococcus.s__Ruminococcus_lactaris	203.9482624521
PWY-7790: UMP biosynthesis II|g__Anaerostipes.s__Anaerostipes_hadrus	152.8086876060
PWY-7790: UMP biosynthesis II|g__Dorea.s__Dorea_longicatena	141.8412271833
PWY-7790: UMP biosynthesis II|g__Gemmiger.s__Gemmiger_formicilis	127.1597432170
PWY-7790: UMP biosynthesis II|g__Collinsella.s__Collinsella_aerofaciens	98.4767861287
PWY-7790: UMP biosynthesis II|g__Dorea.s__Dorea_formicigenerans	86.4939263038
PWY-7790: UMP biosynthesis II|g__Firmicutes_unclassified.s__Firmicutes_bacterium_AM10_47	80.9565960053
PWY-7790: UMP biosynthesis II|g__Ruminococcus.s__Ruminococcus_sp_AF31_8BH	40.3310107785
PWY-7790: UMP biosynthesis II|g__Catenibacterium.s__Catenibacterium_mitsuokai	33.7468350388
PWY-7790: UMP biosynthesis II|g__Asaccharobacter.s__Asaccharobacter_celatus	11.3371084761
PWY-7790: UMP biosynthesis II|g__Eubacterium.s__Eubacterium_ramulus	10.3314922060
PWY-7790: UMP biosynthesis II|g__Streptococcus.s__Streptococcus_sp_A12	7.4759306208
PWY-7790: UMP biosynthesis II|g__Streptococcus.s__Streptococcus_australis	4.7357074282
PWY-7791: UMP biosynthesis III	3909.7170620915
PWY-7791: UMP biosynthesis III|unclassified	1269.5522298221
PWY-7791: UMP biosynthesis III|g__Holdemanella.s__Holdemanella_biformis	513.7807488421
PWY-7791: UMP biosynthesis III|g__Blautia.s__Blautia_obeum	343.4925987639
PWY-7791: UMP biosynthesis III|g__Blautia.s__Blautia_wexlerae	308.9067919181
PWY-7791: UMP biosynthesis III|g__Ruminococcus.s__Ruminococcus_lactaris	203.9482624521
PWY-7791: UMP biosynthesis III|g__Anaerostipes.s__Anaerostipes_hadrus	152.8086876060
PWY-7791: UMP biosynthesis III|g__Dorea.s__Dorea_longicatena	141.8412271833
PWY-7791: UMP biosynthesis III|g__Gemmiger.s__Gemmiger_formicilis	127.1597432170
PWY-7791: UMP biosynthesis III|g__Collinsella.s__Collinsella_aerofaciens	98.4767861287
PWY-7791: UMP biosynthesis III|g__Dorea.s__Dorea_formicigenerans	86.4939263038
PWY-7791: UMP biosynthesis III|g__Firmicutes_unclassified.s__Firmicutes_bacterium_AM10_47	80.9565960053
PWY-7791: UMP biosynthesis III|g__Ruminococcus.s__Ruminococcus_sp_AF31_8BH	40.3310107785
PWY-7791: UMP biosynthesis III|g__Catenibacterium.s__Catenibacterium_mitsuokai	33.7468350388
PWY-7791: UMP biosynthesis III|g__Asaccharobacter.s__Asaccharobacter_celatus	11.3371084761
PWY-7791: UMP biosynthesis III|g__Eubacterium.s__Eubacterium_ramulus	10.3314922060
PWY-7791: UMP biosynthesis III|g__Streptococcus.s__Streptococcus_sp_A12	7.2802950165
PWY0-1296: purine ribonucleosides degradation	3887.9049415841
PWY0-1296: purine ribonucleosides degradation|unclassified	1799.3164631317
PWY0-1296: purine ribonucleosides degradation|g__Blautia.s__Blautia_obeum	575.8426734379
PWY0-1296: purine ribonucleosides degradation|g__Holdemanella.s__Holdemanella_biformis	207.3762590100
PWY0-1296: purine ribonucleosides degradation|g__Dorea.s__Dorea_longicatena	198.3712173376
PWY0-1296: purine ribonucleosides degradation|g__Blautia.s__Blautia_wexlerae	174.9150311149
PWY0-1296: purine ribonucleosides degradation|g__Anaerostipes.s__Anaerostipes_hadrus	133.2629030365
PWY0-1296: purine ribonucleosides degradation|g__Gemmiger.s__Gemmiger_formicilis	116.8163091076
PWY0-1296: purine ribonucleosides degradation|g__Firmicutes_unclassified.s__Firmicutes_bacterium_AM10_47	65.4423483583
PWY0-1296: purine ribonucleosides degradation|g__Dorea.s__Dorea_formicigenerans	63.0054430362
PWY0-1296: purine ribonucleosides degradation|g__Catenibacterium.s__Catenibacterium_mitsuokai	57.6516507908
PWY0-1296: purine ribonucleosides degradation|g__Ruminococcus.s__Ruminococcus_sp_AF31_8BH	51.8434299572
PWY0-1296: purine ribonucleosides degradation|g__Roseburia.s__Roseburia_hominis	29.3975223763
PWY0-1296: purine ribonucleosides degradation|g__Streptococcus.s__Streptococcus_thermophilus	14.3975500673
PWY0-1296: purine ribonucleosides degradation|g__Ruthenibacterium.s__Ruthenibacterium_lactatiformans	13.6145350398
PWY0-1296: purine ribonucleosides degradation|g__Intestinibacter.s__Intestinibacter_bartlettii	10.4216574610
PWY0-1296: purine ribonucleosides degradation|g__Streptococcus.s__Streptococcus_australis	10.1418295129
PWY0-1296: purine ribonucleosides degradation|g__Streptococcus.s__Streptococcus_equinus	4.4108839275
PWY0-1296: purine ribonucleosides degradation|g__Streptococcus.s__Streptococcus_sp_A12	3.9511336737
PWY0-1296: purine ribonucleosides degradation|g__Streptococcus.s__Streptococcus_salivarius	1.8121413470
PEPTIDOGLYCANSYN-PWY: peptidoglycan biosynthesis I (meso-diaminopimelate containing)	3884.0700245962
PEPTIDOGLYCANSYN-PWY: peptidoglycan biosynthesis I (meso-diaminopimelate containing)|unclassified	1539.5120675208
PEPTIDOGLYCANSYN-PWY: peptidoglycan biosynthesis I (meso-diaminopimelate containing)|g__Blautia.s__Blautia_obeum	472.1242073022
PEPTIDOGLYCANSYN-PWY: peptidoglycan biosynthesis I (meso-diaminopimelate containing)|g__Holdemanella.s__Holdemanella_biformis	321.4610022624
PEPTIDOGLYCANSYN-PWY: peptidoglycan biosynthesis I (meso-diaminopimelate containing)|g__Blautia.s__Blautia_wexlerae	260.7017895266
PEPTIDOGLYCANSYN-PWY: peptidoglycan biosynthesis I (meso-diaminopimelate containing)|g__Dorea.s__Dorea_longicatena	205.4219283890
PEPTIDOGLYCANSYN-PWY: peptidoglycan biosynthesis I (meso-diaminopimelate containing)|g__Ruminococcus.s__Ruminococcus_lactaris	165.2346497706
PEPTIDOGLYCANSYN-PWY: peptidoglycan biosynthesis I (meso-diaminopimelate containing)|g__Anaerostipes.s__Anaerostipes_hadrus	153.4883637599
PEPTIDOGLYCANSYN-PWY: peptidoglycan biosynthesis I (meso-diaminopimelate containing)|g__Collinsella.s__Collinsella_aerofaciens	114.6921728063
PEPTIDOGLYCANSYN-PWY: peptidoglycan biosynthesis I (meso-diaminopimelate containing)|g__Gemmiger.s__Gemmiger_formicilis	111.5090014971
PEPTIDOGLYCANSYN-PWY: peptidoglycan biosynthesis I (meso-diaminopimelate containing)|g__Dorea.s__Dorea_formicigenerans	90.8073224368
PEPTIDOGLYCANSYN-PWY: peptidoglycan biosynthesis I (meso-diaminopimelate containing)|g__Firmicutes_unclassified.s__Firmicutes_bacterium_AM10_47	76.2946930571
PEPTIDOGLYCANSYN-PWY: peptidoglycan biosynthesis I (meso-diaminopimelate containing)|g__Ruminococcus.s__Ruminococcus_sp_AF31_8BH	51.3395070576
PEPTIDOGLYCANSYN-PWY: peptidoglycan biosynthesis I (meso-diaminopimelate containing)|g__Catenibacterium.s__Catenibacterium_mitsuokai	30.2006537014
PEPTIDOGLYCANSYN-PWY: peptidoglycan biosynthesis I (meso-diaminopimelate containing)|g__Roseburia.s__Roseburia_hominis	25.6173064713
PEPTIDOGLYCANSYN-PWY: peptidoglycan biosynthesis I (meso-diaminopimelate containing)|g__Asaccharobacter.s__Asaccharobacter_celatus	14.5244646322
PEPTIDOGLYCANSYN-PWY: peptidoglycan biosynthesis I (meso-diaminopimelate containing)|g__Intestinibacter.s__Intestinibacter_bartlettii	12.1790780216
COMPLETE-ARO-PWY: superpathway of aromatic amino acid biosynthesis	3875.3205840605
COMPLETE-ARO-PWY: superpathway of aromatic amino acid biosynthesis|unclassified	1493.6290055165
COMPLETE-ARO-PWY: superpathway of aromatic amino acid biosynthesis|g__Blautia.s__Blautia_obeum	566.5916052807
COMPLETE-ARO-PWY: superpathway of aromatic amino acid biosynthesis|g__Blautia.s__Blautia_wexlerae	202.1832569724
COMPLETE-ARO-PWY: superpathway of aromatic amino acid biosynthesis|g__Ruminococcus.s__Ruminococcus_lactaris	192.3956016227
COMPLETE-ARO-PWY: superpathway of aromatic amino acid biosynthesis|g__Anaerostipes.s__Anaerostipes_hadrus	156.2596740734
COMPLETE-ARO-PWY: superpathway of aromatic amino acid biosynthesis|g__Firmicutes_unclassified.s__Firmicutes_bacterium_AM10_47	68.3857864952
COMPLETE-ARO-PWY: superpathway of aromatic amino acid biosynthesis|g__Roseburia.s__Roseburia_hominis	45.5827820801
COMPLETE-ARO-PWY: superpathway of aromatic amino acid biosynthesis|g__Catenibacterium.s__Catenibacterium_mitsuokai	28.9349170730
ARGSYNBSUB-PWY: L-arginine biosynthesis II (acetyl cycle)	3870.0150845073
ARGSYNBSUB-PWY: L-arginine biosynthesis II (acetyl cycle)|unclassified	1415.0047844974
ARGSYNBSUB-PWY: L-arginine biosynthesis II (acetyl cycle)|g__Blautia.s__Blautia_wexlerae	510.9433925286
ARGSYNBSUB-PWY: L-arginine biosynthesis II (acetyl cycle)|g__Blautia.s__Blautia_obeum	321.4262017080
ARGSYNBSUB-PWY: L-arginine biosynthesis II (acetyl cycle)|g__Dorea.s__Dorea_longicatena	192.5436106348
ARGSYNBSUB-PWY: L-arginine biosynthesis II (acetyl cycle)|g__Gemmiger.s__Gemmiger_formicilis	172.7416627936
ARGSYNBSUB-PWY: L-arginine biosynthesis II (acetyl cycle)|g__Ruminococcus.s__Ruminococcus_lactaris	164.8040608411
ARGSYNBSUB-PWY: L-arginine biosynthesis II (acetyl cycle)|g__Collinsella.s__Collinsella_aerofaciens	141.9466740899
ARGSYNBSUB-PWY: L-arginine biosynthesis II (acetyl cycle)|g__Anaerostipes.s__Anaerostipes_hadrus	122.0636393298
ARGSYNBSUB-PWY: L-arginine biosynthesis II (acetyl cycle)|g__Dorea.s__Dorea_formicigenerans	116.1554948257
ARGSYNBSUB-PWY: L-arginine biosynthesis II (acetyl cycle)|g__Ruminococcus.s__Ruminococcus_bromii	112.7807622769
ARGSYNBSUB-PWY: L-arginine biosynthesis II (acetyl cycle)|g__Ruminococcus.s__Ruminococcus_sp_AF31_8BH	109.0782395824
ARGSYNBSUB-PWY: L-arginine biosynthesis II (acetyl cycle)|g__Firmicutes_unclassified.s__Firmicutes_bacterium_AM10_47	86.6502808604
ARGSYNBSUB-PWY: L-arginine biosynthesis II (acetyl cycle)|g__Roseburia.s__Roseburia_hominis	54.3071714075
ARGSYNBSUB-PWY: L-arginine biosynthesis II (acetyl cycle)|g__Catenibacterium.s__Catenibacterium_mitsuokai	42.9544499679
ARGSYNBSUB-PWY: L-arginine biosynthesis II (acetyl cycle)|g__Intestinibacter.s__Intestinibacter_bartlettii	14.1369556965
PWY-6387: UDP-N-acetylmuramoyl-pentapeptide biosynthesis I (meso-diaminopimelate containing)	3869.3410766026
PWY-6387: UDP-N-acetylmuramoyl-pentapeptide biosynthesis I (meso-diaminopimelate containing)|unclassified	1514.2569126369
PWY-6387: UDP-N-acetylmuramoyl-pentapeptide biosynthesis I (meso-diaminopimelate containing)|g__Blautia.s__Blautia_obeum	476.5365108513
PWY-6387: UDP-N-acetylmuramoyl-pentapeptide biosynthesis I (meso-diaminopimelate containing)|g__Holdemanella.s__Holdemanella_biformis	331.5272347848
PWY-6387: UDP-N-acetylmuramoyl-pentapeptide biosynthesis I (meso-diaminopimelate containing)|g__Blautia.s__Blautia_wexlerae	278.2645965898
PWY-6387: UDP-N-acetylmuramoyl-pentapeptide biosynthesis I (meso-diaminopimelate containing)|g__Dorea.s__Dorea_longicatena	208.3899127317
PWY-6387: UDP-N-acetylmuramoyl-pentapeptide biosynthesis I (meso-diaminopimelate containing)|g__Ruminococcus.s__Ruminococcus_lactaris	163.2916035444
PWY-6387: UDP-N-acetylmuramoyl-pentapeptide biosynthesis I (meso-diaminopimelate containing)|g__Anaerostipes.s__Anaerostipes_hadrus	142.0796496335
PWY-6387: UDP-N-acetylmuramoyl-pentapeptide biosynthesis I (meso-diaminopimelate containing)|g__Collinsella.s__Collinsella_aerofaciens	113.3551925981
PWY-6387: UDP-N-acetylmuramoyl-pentapeptide biosynthesis I (meso-diaminopimelate containing)|g__Gemmiger.s__Gemmiger_formicilis	110.1983121580
PWY-6387: UDP-N-acetylmuramoyl-pentapeptide biosynthesis I (meso-diaminopimelate containing)|g__Dorea.s__Dorea_formicigenerans	102.6436573108
PWY-6387: UDP-N-acetylmuramoyl-pentapeptide biosynthesis I (meso-diaminopimelate containing)|g__Firmicutes_unclassified.s__Firmicutes_bacterium_AM10_47	77.9502766617
PWY-6387: UDP-N-acetylmuramoyl-pentapeptide biosynthesis I (meso-diaminopimelate containing)|g__Ruminococcus.s__Ruminococcus_sp_AF31_8BH	48.8462736604
PWY-6387: UDP-N-acetylmuramoyl-pentapeptide biosynthesis I (meso-diaminopimelate containing)|g__Catenibacterium.s__Catenibacterium_mitsuokai	34.5672473053
PWY-6387: UDP-N-acetylmuramoyl-pentapeptide biosynthesis I (meso-diaminopimelate containing)|g__Roseburia.s__Roseburia_hominis	24.1281363574
PWY-6387: UDP-N-acetylmuramoyl-pentapeptide biosynthesis I (meso-diaminopimelate containing)|g__Asaccharobacter.s__Asaccharobacter_celatus	13.6847182182
PWY-6387: UDP-N-acetylmuramoyl-pentapeptide biosynthesis I (meso-diaminopimelate containing)|g__Intestinibacter.s__Intestinibacter_bartlettii	11.1267293181
PWY-6151: S-adenosyl-L-methionine salvage I	3860.0826748451
PWY-6151: S-adenosyl-L-methionine salvage I|unclassified	1320.9303758614
PWY-6151: S-adenosyl-L-methionine salvage I|g__Holdemanella.s__Holdemanella_biformis	578.2871850719
PWY-6151: S-adenosyl-L-methionine salvage I|g__Blautia.s__Blautia_wexlerae	319.8056517516
PWY-6151: S-adenosyl-L-methionine salvage I|g__Dorea.s__Dorea_longicatena	299.8575766983
PWY-6151: S-adenosyl-L-methionine salvage I|g__Blautia.s__Blautia_obeum	239.9889718896
PWY-6151: S-adenosyl-L-methionine salvage I|g__Anaerostipes.s__Anaerostipes_hadrus	230.7470072051
PWY-6151: S-adenosyl-L-methionine salvage I|g__Ruminococcus.s__Ruminococcus_lactaris	219.9259695406
PWY-6151: S-adenosyl-L-methionine salvage I|g__Dorea.s__Dorea_formicigenerans	131.7103911930
PWY-6151: S-adenosyl-L-methionine salvage I|g__Gemmiger.s__Gemmiger_formicilis	123.1662993641
PWY-6151: S-adenosyl-L-methionine salvage I|g__Ruminococcus.s__Ruminococcus_bromii	89.7246423685
PWY-6151: S-adenosyl-L-methionine salvage I|g__Firmicutes_unclassified.s__Firmicutes_bacterium_AM10_47	81.1333865808
PWY-6151: S-adenosyl-L-methionine salvage I|g__Ruminococcus.s__Ruminococcus_sp_AF31_8BH	79.1846275674
PWY-6151: S-adenosyl-L-methionine salvage I|g__Collinsella.s__Collinsella_aerofaciens	73.6798691843
PWY-6151: S-adenosyl-L-methionine salvage I|g__Catenibacterium.s__Catenibacterium_mitsuokai	49.7623730359
PWY-6151: S-adenosyl-L-methionine salvage I|g__Roseburia.s__Roseburia_hominis	32.3847529048
PWY-6151: S-adenosyl-L-methionine salvage I|g__Intestinibacter.s__Intestinibacter_bartlettii	15.7765703969
PWY-6151: S-adenosyl-L-methionine salvage I|g__Streptococcus.s__Streptococcus_thermophilus	10.8352727861
PWY-6151: S-adenosyl-L-methionine salvage I|g__Streptococcus.s__Streptococcus_pneumoniae	7.3575234839
PWY-6121: 5-aminoimidazole ribonucleotide biosynthesis I	3840.4449771211
PWY-6121: 5-aminoimidazole ribonucleotide biosynthesis I|unclassified	1338.5596698397
PWY-6121: 5-aminoimidazole ribonucleotide biosynthesis I|g__Holdemanella.s__Holdemanella_biformis	586.5881503630
PWY-6121: 5-aminoimidazole ribonucleotide biosynthesis I|g__Blautia.s__Blautia_obeum	395.6165760534
PWY-6121: 5-aminoimidazole ribonucleotide biosynthesis I|g__Blautia.s__Blautia_wexlerae	307.0568635081
PWY-6121: 5-aminoimidazole ribonucleotide biosynthesis I|g__Dorea.s__Dorea_longicatena	181.9641084809
PWY-6121: 5-aminoimidazole ribonucleotide biosynthesis I|g__Ruminococcus.s__Ruminococcus_lactaris	170.9462691785
PWY-6121: 5-aminoimidazole ribonucleotide biosynthesis I|g__Anaerostipes.s__Anaerostipes_hadrus	127.3577763756
PWY-6121: 5-aminoimidazole ribonucleotide biosynthesis I|g__Collinsella.s__Collinsella_aerofaciens	122.7418182997
PWY-6121: 5-aminoimidazole ribonucleotide biosynthesis I|g__Gemmiger.s__Gemmiger_formicilis	112.4263007977
PWY-6121: 5-aminoimidazole ribonucleotide biosynthesis I|g__Dorea.s__Dorea_formicigenerans	80.2504347196
PWY-6121: 5-aminoimidazole ribonucleotide biosynthesis I|g__Firmicutes_unclassified.s__Firmicutes_bacterium_AM10_47	74.7404867763
PWY-6121: 5-aminoimidazole ribonucleotide biosynthesis I|g__Ruminococcus.s__Ruminococcus_bromii	71.0772976182
PWY-6121: 5-aminoimidazole ribonucleotide biosynthesis I|g__Ruminococcus.s__Ruminococcus_sp_AF31_8BH	54.1457459430
PWY-6121: 5-aminoimidazole ribonucleotide biosynthesis I|g__Roseburia.s__Roseburia_hominis	48.9540431132
PWY-6121: 5-aminoimidazole ribonucleotide biosynthesis I|g__Catenibacterium.s__Catenibacterium_mitsuokai	39.5283940258
PWY-6121: 5-aminoimidazole ribonucleotide biosynthesis I|g__Intestinibacter.s__Intestinibacter_bartlettii	13.3381175426
PWY-6121: 5-aminoimidazole ribonucleotide biosynthesis I|g__Eggerthella.s__Eggerthella_lenta	9.7752093773
PWY-6121: 5-aminoimidazole ribonucleotide biosynthesis I|g__Streptococcus.s__Streptococcus_australis	4.6846139340
PWY-6121: 5-aminoimidazole ribonucleotide biosynthesis I|g__Streptococcus.s__Streptococcus_thermophilus	3.2504840321
PWY-6121: 5-aminoimidazole ribonucleotide biosynthesis I|g__Streptococcus.s__Streptococcus_infantis	2.9937360151
VALSYN-PWY: L-valine biosynthesis	3827.3657343942
VALSYN-PWY: L-valine biosynthesis|unclassified	1027.8812643311
VALSYN-PWY: L-valine biosynthesis|g__Blautia.s__Blautia_obeum	895.9528759516
VALSYN-PWY: L-valine biosynthesis|g__Blautia.s__Blautia_wexlerae	396.3019296949
VALSYN-PWY: L-valine biosynthesis|g__Dorea.s__Dorea_longicatena	257.6124546909
VALSYN-PWY: L-valine biosynthesis|g__Ruminococcus.s__Ruminococcus_lactaris	167.9479826078
VALSYN-PWY: L-valine biosynthesis|g__Anaerostipes.s__Anaerostipes_hadrus	167.4981610703
VALSYN-PWY: L-valine biosynthesis|g__Ruminococcus.s__Ruminococcus_sp_AF31_8BH	135.5555388193
VALSYN-PWY: L-valine biosynthesis|g__Gemmiger.s__Gemmiger_formicilis	125.1534987926
VALSYN-PWY: L-valine biosynthesis|g__Dorea.s__Dorea_formicigenerans	117.8442917102
VALSYN-PWY: L-valine biosynthesis|g__Ruminococcus.s__Ruminococcus_bromii	96.9993818546
VALSYN-PWY: L-valine biosynthesis|g__Roseburia.s__Roseburia_hominis	55.9585532893
VALSYN-PWY: L-valine biosynthesis|g__Catenibacterium.s__Catenibacterium_mitsuokai	53.8983886635
VALSYN-PWY: L-valine biosynthesis|g__Firmicutes_unclassified.s__Firmicutes_bacterium_AM10_47	50.6326627195
VALSYN-PWY: L-valine biosynthesis|g__Eubacterium.s__Eubacterium_ramulus	20.7004178276
VALSYN-PWY: L-valine biosynthesis|g__Faecalibacterium.s__Faecalibacterium_prausnitzii	15.7797791907
VALSYN-PWY: L-valine biosynthesis|g__Eggerthella.s__Eggerthella_lenta	14.0311522692
VALSYN-PWY: L-valine biosynthesis|g__Intestinibacter.s__Intestinibacter_bartlettii	12.7492262991
VALSYN-PWY: L-valine biosynthesis|g__Asaccharobacter.s__Asaccharobacter_celatus	11.2715071389
VALSYN-PWY: L-valine biosynthesis|g__Streptococcus.s__Streptococcus_australis	10.8563676085
VALSYN-PWY: L-valine biosynthesis|g__Roseburia.s__Roseburia_faecis	7.2729571173
VALSYN-PWY: L-valine biosynthesis|g__Streptococcus.s__Streptococcus_pneumoniae	3.9856878400
VALSYN-PWY: L-valine biosynthesis|g__Streptococcus.s__Streptococcus_sp_A12	2.8896560006
VALSYN-PWY: L-valine biosynthesis|g__Gordonibacter.s__Gordonibacter_pamelaeae	1.9732819253
VALSYN-PWY: L-valine biosynthesis|g__Streptococcus.s__Streptococcus_salivarius	1.8881726871
PWY-7221: guanosine ribonucleotides de novo biosynthesis	3807.3353193429
PWY-7221: guanosine ribonucleotides de novo biosynthesis|unclassified	1100.7941900935
PWY-7221: guanosine ribonucleotides de novo biosynthesis|g__Blautia.s__Blautia_wexlerae	474.4354393941
PWY-7221: guanosine ribonucleotides de novo biosynthesis|g__Blautia.s__Blautia_obeum	391.7730441737
PWY-7221: guanosine ribonucleotides de novo biosynthesis|g__Holdemanella.s__Holdemanella_biformis	360.7887725078
PWY-7221: guanosine ribonucleotides de novo biosynthesis|g__Dorea.s__Dorea_longicatena	219.9307169151
PWY-7221: guanosine ribonucleotides de novo biosynthesis|g__Ruminococcus.s__Ruminococcus_lactaris	167.0878823755
PWY-7221: guanosine ribonucleotides de novo biosynthesis|g__Anaerostipes.s__Anaerostipes_hadrus	130.6256361694
PWY-7221: guanosine ribonucleotides de novo biosynthesis|g__Collinsella.s__Collinsella_aerofaciens	108.5102544243
PWY-7221: guanosine ribonucleotides de novo biosynthesis|g__Ruminococcus.s__Ruminococcus_bromii	81.7711086976
PWY-7221: guanosine ribonucleotides de novo biosynthesis|g__Firmicutes_unclassified.s__Firmicutes_bacterium_AM10_47	81.1446371589
PWY-7221: guanosine ribonucleotides de novo biosynthesis|g__Dorea.s__Dorea_formicigenerans	78.2605713350
PWY-7221: guanosine ribonucleotides de novo biosynthesis|g__Ruminococcus.s__Ruminococcus_sp_AF31_8BH	48.3167236403
PWY-7221: guanosine ribonucleotides de novo biosynthesis|g__Catenibacterium.s__Catenibacterium_mitsuokai	40.3181176223
PWY-7221: guanosine ribonucleotides de novo biosynthesis|g__Roseburia.s__Roseburia_hominis	33.6316739437
PWY-7221: guanosine ribonucleotides de novo biosynthesis|g__Eubacterium.s__Eubacterium_ramulus	17.9732141994
PWY-7221: guanosine ribonucleotides de novo biosynthesis|g__Intestinibacter.s__Intestinibacter_bartlettii	17.8565929490
PWY-7221: guanosine ribonucleotides de novo biosynthesis|g__Streptococcus.s__Streptococcus_australis	7.0855153905
PWY-7221: guanosine ribonucleotides de novo biosynthesis|g__Streptococcus.s__Streptococcus_salivarius	7.0224167635
PWY-7221: guanosine ribonucleotides de novo biosynthesis|g__Streptococcus.s__Streptococcus_sp_A12	5.0855320606
PWY-7111: pyruvate fermentation to isobutanol (engineered)	3807.1164607630
PWY-7111: pyruvate fermentation to isobutanol (engineered)|unclassified	828.3804996722
PWY-7111: pyruvate fermentation to isobutanol (engineered)|g__Dorea.s__Dorea_longicatena	275.9092721419
PWY-7111: pyruvate fermentation to isobutanol (engineered)|g__Blautia.s__Blautia_wexlerae	243.3255270682
PWY-7111: pyruvate fermentation to isobutanol (engineered)|g__Blautia.s__Blautia_obeum	233.4326384885
PWY-7111: pyruvate fermentation to isobutanol (engineered)|g__Ruminococcus.s__Ruminococcus_lactaris	187.7884083898
PWY-7111: pyruvate fermentation to isobutanol (engineered)|g__Anaerostipes.s__Anaerostipes_hadrus	160.8455228076
PWY-7111: pyruvate fermentation to isobutanol (engineered)|g__Dorea.s__Dorea_formicigenerans	117.4590869582
PWY-7111: pyruvate fermentation to isobutanol (engineered)|g__Roseburia.s__Roseburia_hominis	56.6650448246
PWY-7111: pyruvate fermentation to isobutanol (engineered)|g__Ruminococcus.s__Ruminococcus_sp_AF31_8BH	48.8848487679
PWY-7111: pyruvate fermentation to isobutanol (engineered)|g__Catenibacterium.s__Catenibacterium_mitsuokai	45.9015260684
PWY-7111: pyruvate fermentation to isobutanol (engineered)|g__Streptococcus.s__Streptococcus_australis	9.6664685997
PWY-7111: pyruvate fermentation to isobutanol (engineered)|g__Roseburia.s__Roseburia_faecis	7.4602418826
PWY-7111: pyruvate fermentation to isobutanol (engineered)|g__Streptococcus.s__Streptococcus_pneumoniae	4.5667493480
PWY-7111: pyruvate fermentation to isobutanol (engineered)|g__Faecalibacterium.s__Faecalibacterium_prausnitzii	4.0390552081
PWY-7111: pyruvate fermentation to isobutanol (engineered)|g__Streptococcus.s__Streptococcus_sp_A12	3.4292559281
PWY-7111: pyruvate fermentation to isobutanol (engineered)|g__Streptococcus.s__Streptococcus_salivarius	2.0546981300
PWY-6317: D-galactose degradation I (Leloir pathway)	3764.9968440394
PWY-6317: D-galactose degradation I (Leloir pathway)|unclassified	1219.8672442069
PWY-6317: D-galactose degradation I (Leloir pathway)|g__Blautia.s__Blautia_obeum	476.4817172979
PWY-6317: D-galactose degradation I (Leloir pathway)|g__Holdemanella.s__Holdemanella_biformis	449.5691108288
PWY-6317: D-galactose degradation I (Leloir pathway)|g__Blautia.s__Blautia_wexlerae	342.9894334012
PWY-6317: D-galactose degradation I (Leloir pathway)|g__Dorea.s__Dorea_longicatena	228.9684964950
PWY-6317: D-galactose degradation I (Leloir pathway)|g__Anaerostipes.s__Anaerostipes_hadrus	182.7181044238
PWY-6317: D-galactose degradation I (Leloir pathway)|g__Ruminococcus.s__Ruminococcus_lactaris	156.8814829604
PWY-6317: D-galactose degradation I (Leloir pathway)|g__Dorea.s__Dorea_formicigenerans	134.3983210601
PWY-6317: D-galactose degradation I (Leloir pathway)|g__Catenibacterium.s__Catenibacterium_mitsuokai	94.0955599392
PWY-6317: D-galactose degradation I (Leloir pathway)|g__Collinsella.s__Collinsella_aerofaciens	74.1484990335
PWY-6317: D-galactose degradation I (Leloir pathway)|g__Ruminococcus.s__Ruminococcus_sp_AF31_8BH	69.4045233764
PWY-6317: D-galactose degradation I (Leloir pathway)|g__Firmicutes_unclassified.s__Firmicutes_bacterium_AM10_47	69.0680260842
PWY-6317: D-galactose degradation I (Leloir pathway)|g__Roseburia.s__Roseburia_hominis	64.3053293962
PWY-6317: D-galactose degradation I (Leloir pathway)|g__Streptococcus.s__Streptococcus_sp_A12	2.9620421738
PWY-6609: adenine and adenosine salvage III	3764.2470494535
PWY-6609: adenine and adenosine salvage III|unclassified	1397.7245788671
PWY-6609: adenine and adenosine salvage III|g__Blautia.s__Blautia_obeum	300.2274514800
PWY-6609: adenine and adenosine salvage III|g__Blautia.s__Blautia_wexlerae	202.4356926502
PWY-6609: adenine and adenosine salvage III|g__Holdemanella.s__Holdemanella_biformis	193.0034072424
PWY-6609: adenine and adenosine salvage III|g__Dorea.s__Dorea_longicatena	170.6821310310
PWY-6609: adenine and adenosine salvage III|g__Anaerostipes.s__Anaerostipes_hadrus	153.4504927301
PWY-6609: adenine and adenosine salvage III|g__Ruminococcus.s__Ruminococcus_lactaris	139.4832898677
PWY-6609: adenine and adenosine salvage III|g__Catenibacterium.s__Catenibacterium_mitsuokai	83.5833428451
PWY-6609: adenine and adenosine salvage III|g__Gemmiger.s__Gemmiger_formicilis	82.2547641477
PWY-6609: adenine and adenosine salvage III|g__Firmicutes_unclassified.s__Firmicutes_bacterium_AM10_47	67.5906177395
PWY-6609: adenine and adenosine salvage III|g__Ruminococcus.s__Ruminococcus_sp_AF31_8BH	65.0800970748
PWY-6609: adenine and adenosine salvage III|g__Dorea.s__Dorea_formicigenerans	58.3189433700
PWY-6609: adenine and adenosine salvage III|g__Roseburia.s__Roseburia_hominis	55.0246715661
PWY-6609: adenine and adenosine salvage III|g__Ruthenibacterium.s__Ruthenibacterium_lactatiformans	14.9612453541
PWY-6609: adenine and adenosine salvage III|g__Streptococcus.s__Streptococcus_sp_A12	9.8082870442
PWY-6609: adenine and adenosine salvage III|g__Streptococcus.s__Streptococcus_thermophilus	9.5691840607
PWY-6609: adenine and adenosine salvage III|g__Lachnoclostridium.s__Clostridium_scindens	9.1337910228
PWY-6609: adenine and adenosine salvage III|g__Intestinibacter.s__Intestinibacter_bartlettii	8.5980595035
PWY-6609: adenine and adenosine salvage III|g__Streptococcus.s__Streptococcus_australis	8.5091089968
PWY-6609: adenine and adenosine salvage III|g__Streptococcus.s__Streptococcus_mitis	3.3565009721
PWY-6609: adenine and adenosine salvage III|g__Streptococcus.s__Streptococcus_equinus	2.9629629630
PWY-6609: adenine and adenosine salvage III|g__Streptococcus.s__Streptococcus_vestibularis	1.8346522561
PWY-6609: adenine and adenosine salvage III|g__Streptococcus.s__Streptococcus_salivarius	1.4035087719
ILEUSYN-PWY: L-isoleucine biosynthesis I (from threonine)	3726.8326150562
ILEUSYN-PWY: L-isoleucine biosynthesis I (from threonine)|unclassified	930.1861334522
ILEUSYN-PWY: L-isoleucine biosynthesis I (from threonine)|g__Blautia.s__Blautia_obeum	614.9906822768
ILEUSYN-PWY: L-isoleucine biosynthesis I (from threonine)|g__Blautia.s__Blautia_wexlerae	315.7208730601
ILEUSYN-PWY: L-isoleucine biosynthesis I (from threonine)|g__Dorea.s__Dorea_longicatena	251.3799277391
ILEUSYN-PWY: L-isoleucine biosynthesis I (from threonine)|g__Anaerostipes.s__Anaerostipes_hadrus	157.0792182396
ILEUSYN-PWY: L-isoleucine biosynthesis I (from threonine)|g__Ruminococcus.s__Ruminococcus_sp_AF31_8BH	133.4797002314
ILEUSYN-PWY: L-isoleucine biosynthesis I (from threonine)|g__Gemmiger.s__Gemmiger_formicilis	123.4837650434
ILEUSYN-PWY: L-isoleucine biosynthesis I (from threonine)|g__Dorea.s__Dorea_formicigenerans	114.3022245402
ILEUSYN-PWY: L-isoleucine biosynthesis I (from threonine)|g__Catenibacterium.s__Catenibacterium_mitsuokai	51.3487575275
ILEUSYN-PWY: L-isoleucine biosynthesis I (from threonine)|g__Roseburia.s__Roseburia_hominis	36.9443362847
ILEUSYN-PWY: L-isoleucine biosynthesis I (from threonine)|g__Asaccharobacter.s__Asaccharobacter_celatus	10.0782970854
ARGSYN-PWY: L-arginine biosynthesis I (via L-ornithine)	3678.3351026550
ARGSYN-PWY: L-arginine biosynthesis I (via L-ornithine)|unclassified	1354.7697533402
ARGSYN-PWY: L-arginine biosynthesis I (via L-ornithine)|g__Blautia.s__Blautia_wexlerae	567.0619456241
ARGSYN-PWY: L-arginine biosynthesis I (via L-ornithine)|g__Blautia.s__Blautia_obeum	235.7049778221
ARGSYN-PWY: L-arginine biosynthesis I (via L-ornithine)|g__Dorea.s__Dorea_longicatena	184.4875544726
ARGSYN-PWY: L-arginine biosynthesis I (via L-ornithine)|g__Gemmiger.s__Gemmiger_formicilis	164.2790704014
ARGSYN-PWY: L-arginine biosynthesis I (via L-ornithine)|g__Ruminococcus.s__Ruminococcus_lactaris	160.4057042674
ARGSYN-PWY: L-arginine biosynthesis I (via L-ornithine)|g__Collinsella.s__Collinsella_aerofaciens	132.3111818595
ARGSYN-PWY: L-arginine biosynthesis I (via L-ornithine)|g__Anaerostipes.s__Anaerostipes_hadrus	125.6314777736
ARGSYN-PWY: L-arginine biosynthesis I (via L-ornithine)|g__Dorea.s__Dorea_formicigenerans	116.8289303401
ARGSYN-PWY: L-arginine biosynthesis I (via L-ornithine)|g__Firmicutes_unclassified.s__Firmicutes_bacterium_AM10_47	81.2215003783
ARGSYN-PWY: L-arginine biosynthesis I (via L-ornithine)|g__Roseburia.s__Roseburia_hominis	50.2213438615
ARGSYN-PWY: L-arginine biosynthesis I (via L-ornithine)|g__Catenibacterium.s__Catenibacterium_mitsuokai	36.6413494971
PWY-6385: peptidoglycan biosynthesis III (mycobacteria)	3658.1677547624
PWY-6385: peptidoglycan biosynthesis III (mycobacteria)|unclassified	1488.8591955996
PWY-6385: peptidoglycan biosynthesis III (mycobacteria)|g__Blautia.s__Blautia_obeum	459.4894816291
PWY-6385: peptidoglycan biosynthesis III (mycobacteria)|g__Blautia.s__Blautia_wexlerae	245.5746493834
PWY-6385: peptidoglycan biosynthesis III (mycobacteria)|g__Dorea.s__Dorea_longicatena	205.4219283890
PWY-6385: peptidoglycan biosynthesis III (mycobacteria)|g__Ruminococcus.s__Ruminococcus_lactaris	155.4740615468
PWY-6385: peptidoglycan biosynthesis III (mycobacteria)|g__Anaerostipes.s__Anaerostipes_hadrus	148.8946617583
PWY-6385: peptidoglycan biosynthesis III (mycobacteria)|g__Collinsella.s__Collinsella_aerofaciens	112.3289924912
PWY-6385: peptidoglycan biosynthesis III (mycobacteria)|g__Dorea.s__Dorea_formicigenerans	90.6672013987
PWY-6385: peptidoglycan biosynthesis III (mycobacteria)|g__Firmicutes_unclassified.s__Firmicutes_bacterium_AM10_47	70.5721699459
PWY-6385: peptidoglycan biosynthesis III (mycobacteria)|g__Ruminococcus.s__Ruminococcus_sp_AF31_8BH	44.8997343397
PWY-6385: peptidoglycan biosynthesis III (mycobacteria)|g__Catenibacterium.s__Catenibacterium_mitsuokai	15.6254931143
PWY-6385: peptidoglycan biosynthesis III (mycobacteria)|g__Intestinibacter.s__Intestinibacter_bartlettii	10.5057044133
NONMEVIPP-PWY: methylerythritol phosphate pathway I	3602.5768758679
NONMEVIPP-PWY: methylerythritol phosphate pathway I|unclassified	1428.1035840297
NONMEVIPP-PWY: methylerythritol phosphate pathway I|g__Blautia.s__Blautia_obeum	384.4938204486
NONMEVIPP-PWY: methylerythritol phosphate pathway I|g__Holdemanella.s__Holdemanella_biformis	287.8994690401
NONMEVIPP-PWY: methylerythritol phosphate pathway I|g__Blautia.s__Blautia_wexlerae	234.3622660926
NONMEVIPP-PWY: methylerythritol phosphate pathway I|g__Dorea.s__Dorea_longicatena	218.1156376028
NONMEVIPP-PWY: methylerythritol phosphate pathway I|g__Anaerostipes.s__Anaerostipes_hadrus	141.6662826166
NONMEVIPP-PWY: methylerythritol phosphate pathway I|g__Ruminococcus.s__Ruminococcus_lactaris	141.4988810634
NONMEVIPP-PWY: methylerythritol phosphate pathway I|g__Gemmiger.s__Gemmiger_formicilis	113.2875650474
NONMEVIPP-PWY: methylerythritol phosphate pathway I|g__Dorea.s__Dorea_formicigenerans	93.5998950949
NONMEVIPP-PWY: methylerythritol phosphate pathway I|g__Ruminococcus.s__Ruminococcus_bromii	86.0893577180
NONMEVIPP-PWY: methylerythritol phosphate pathway I|g__Collinsella.s__Collinsella_aerofaciens	73.1559975368
NONMEVIPP-PWY: methylerythritol phosphate pathway I|g__Firmicutes_unclassified.s__Firmicutes_bacterium_AM10_47	58.4350916071
NONMEVIPP-PWY: methylerythritol phosphate pathway I|g__Ruminococcus.s__Ruminococcus_sp_AF31_8BH	50.3182844008
NONMEVIPP-PWY: methylerythritol phosphate pathway I|g__Roseburia.s__Roseburia_hominis	33.3421925678
NONMEVIPP-PWY: methylerythritol phosphate pathway I|g__Intestinibacter.s__Intestinibacter_bartlettii	17.5945227696
HSERMETANA-PWY: L-methionine biosynthesis III	3596.2900492074
HSERMETANA-PWY: L-methionine biosynthesis III|unclassified	1005.2061574667
HSERMETANA-PWY: L-methionine biosynthesis III|g__Blautia.s__Blautia_wexlerae	356.8253574300
HSERMETANA-PWY: L-methionine biosynthesis III|g__Blautia.s__Blautia_obeum	307.8233736840
HSERMETANA-PWY: L-methionine biosynthesis III|g__Dorea.s__Dorea_longicatena	216.0421397836
HSERMETANA-PWY: L-methionine biosynthesis III|g__Anaerostipes.s__Anaerostipes_hadrus	169.6326240319
HSERMETANA-PWY: L-methionine biosynthesis III|g__Ruminococcus.s__Ruminococcus_lactaris	167.8866998215
HSERMETANA-PWY: L-methionine biosynthesis III|g__Ruminococcus.s__Ruminococcus_sp_AF31_8BH	46.4597304352
HSERMETANA-PWY: L-methionine biosynthesis III|g__Roseburia.s__Roseburia_hominis	32.2537830454
HSERMETANA-PWY: L-methionine biosynthesis III|g__Catenibacterium.s__Catenibacterium_mitsuokai	30.3811188439
PWY-5097: L-lysine biosynthesis VI	3561.2154023712
PWY-5097: L-lysine biosynthesis VI|unclassified	1420.4764652643
PWY-5097: L-lysine biosynthesis VI|g__Blautia.s__Blautia_obeum	614.8020182891
PWY-5097: L-lysine biosynthesis VI|g__Blautia.s__Blautia_wexlerae	279.3709501463
PWY-5097: L-lysine biosynthesis VI|g__Dorea.s__Dorea_longicatena	189.6206389997
PWY-5097: L-lysine biosynthesis VI|g__Ruminococcus.s__Ruminococcus_lactaris	161.5703549494
PWY-5097: L-lysine biosynthesis VI|g__Anaerostipes.s__Anaerostipes_hadrus	127.2234123356
PWY-5097: L-lysine biosynthesis VI|g__Gemmiger.s__Gemmiger_formicilis	99.3273884131
PWY-5097: L-lysine biosynthesis VI|g__Ruminococcus.s__Ruminococcus_bromii	87.1359751438
PWY-5097: L-lysine biosynthesis VI|g__Dorea.s__Dorea_formicigenerans	71.0640082434
PWY-5097: L-lysine biosynthesis VI|g__Roseburia.s__Roseburia_hominis	46.4125469388
PWY-5097: L-lysine biosynthesis VI|g__Catenibacterium.s__Catenibacterium_mitsuokai	32.7873534401
PWY-5097: L-lysine biosynthesis VI|g__Intestinibacter.s__Intestinibacter_bartlettii	11.6452053739
PWY-5097: L-lysine biosynthesis VI|g__Asaccharobacter.s__Asaccharobacter_celatus	11.4132174315
P41-PWY: pyruvate fermentation to acetate and (S)-lactate I	3558.0987598296
P41-PWY: pyruvate fermentation to acetate and (S)-lactate I|unclassified	741.5021059091
P41-PWY: pyruvate fermentation to acetate and (S)-lactate I|g__Holdemanella.s__Holdemanella_biformis	535.3174514817
P41-PWY: pyruvate fermentation to acetate and (S)-lactate I|g__Blautia.s__Blautia_obeum	475.7213696681
P41-PWY: pyruvate fermentation to acetate and (S)-lactate I|g__Ruminococcus.s__Ruminococcus_lactaris	173.9065343223
P41-PWY: pyruvate fermentation to acetate and (S)-lactate I|g__Collinsella.s__Collinsella_aerofaciens	163.8371464231
P41-PWY: pyruvate fermentation to acetate and (S)-lactate I|g__Blautia.s__Blautia_wexlerae	160.1470368701
P41-PWY: pyruvate fermentation to acetate and (S)-lactate I|g__Ruminococcus.s__Ruminococcus_sp_AF31_8BH	153.1542847187
P41-PWY: pyruvate fermentation to acetate and (S)-lactate I|g__Anaerostipes.s__Anaerostipes_hadrus	126.9398577963
P41-PWY: pyruvate fermentation to acetate and (S)-lactate I|g__Dorea.s__Dorea_formicigenerans	106.0995099924
P41-PWY: pyruvate fermentation to acetate and (S)-lactate I|g__Roseburia.s__Roseburia_hominis	16.9784624308
P41-PWY: pyruvate fermentation to acetate and (S)-lactate I|g__Eggerthella.s__Eggerthella_lenta	9.8775506338
PWY-5100: pyruvate fermentation to acetate and lactate II	3558.0987598296
PWY-5100: pyruvate fermentation to acetate and lactate II|unclassified	741.5021059091
PWY-5100: pyruvate fermentation to acetate and lactate II|g__Holdemanella.s__Holdemanella_biformis	535.3174514817
PWY-5100: pyruvate fermentation to acetate and lactate II|g__Blautia.s__Blautia_obeum	475.7213696681
PWY-5100: pyruvate fermentation to acetate and lactate II|g__Anaerostipes.s__Anaerostipes_hadrus	195.5012967362
PWY-5100: pyruvate fermentation to acetate and lactate II|g__Ruminococcus.s__Ruminococcus_lactaris	173.9065343223
PWY-5100: pyruvate fermentation to acetate and lactate II|g__Collinsella.s__Collinsella_aerofaciens	163.8371464231
PWY-5100: pyruvate fermentation to acetate and lactate II|g__Blautia.s__Blautia_wexlerae	160.1470368701
PWY-5100: pyruvate fermentation to acetate and lactate II|g__Ruminococcus.s__Ruminococcus_sp_AF31_8BH	153.1542847187
PWY-5100: pyruvate fermentation to acetate and lactate II|g__Dorea.s__Dorea_formicigenerans	106.0995099924
PWY-5100: pyruvate fermentation to acetate and lactate II|g__Roseburia.s__Roseburia_hominis	16.9784624308
PWY-5100: pyruvate fermentation to acetate and lactate II|g__Eggerthella.s__Eggerthella_lenta	12.3891789035
PWY-5100: pyruvate fermentation to acetate and lactate II|g__Gordonibacter.s__Gordonibacter_pamelaeae	4.3944412419
PWY-7953: UDP-N-acetylmuramoyl-pentapeptide biosynthesis III (meso-diaminopimelate containing)	3549.1855951576
PWY-7953: UDP-N-acetylmuramoyl-pentapeptide biosynthesis III (meso-diaminopimelate containing)|unclassified	1423.5821240320
PWY-7953: UDP-N-acetylmuramoyl-pentapeptide biosynthesis III (meso-diaminopimelate containing)|g__Blautia.s__Blautia_obeum	461.8468400192
PWY-7953: UDP-N-acetylmuramoyl-pentapeptide biosynthesis III (meso-diaminopimelate containing)|g__Blautia.s__Blautia_wexlerae	240.4576369906
PWY-7953: UDP-N-acetylmuramoyl-pentapeptide biosynthesis III (meso-diaminopimelate containing)|g__Dorea.s__Dorea_longicatena	194.4385588738
PWY-7953: UDP-N-acetylmuramoyl-pentapeptide biosynthesis III (meso-diaminopimelate containing)|g__Ruminococcus.s__Ruminococcus_lactaris	161.8261377800
PWY-7953: UDP-N-acetylmuramoyl-pentapeptide biosynthesis III (meso-diaminopimelate containing)|g__Anaerostipes.s__Anaerostipes_hadrus	142.7502778830
PWY-7953: UDP-N-acetylmuramoyl-pentapeptide biosynthesis III (meso-diaminopimelate containing)|g__Dorea.s__Dorea_formicigenerans	102.8100799686
PWY-7953: UDP-N-acetylmuramoyl-pentapeptide biosynthesis III (meso-diaminopimelate containing)|g__Firmicutes_unclassified.s__Firmicutes_bacterium_AM10_47	66.4084657209
PWY-7953: UDP-N-acetylmuramoyl-pentapeptide biosynthesis III (meso-diaminopimelate containing)|g__Ruminococcus.s__Ruminococcus_sp_AF31_8BH	56.3524567988
PWY-7953: UDP-N-acetylmuramoyl-pentapeptide biosynthesis III (meso-diaminopimelate containing)|g__Roseburia.s__Roseburia_hominis	24.0140700271
PWY-7953: UDP-N-acetylmuramoyl-pentapeptide biosynthesis III (meso-diaminopimelate containing)|g__Catenibacterium.s__Catenibacterium_mitsuokai	12.9738231259
PWY-7953: UDP-N-acetylmuramoyl-pentapeptide biosynthesis III (meso-diaminopimelate containing)|g__Intestinibacter.s__Intestinibacter_bartlettii	9.5643854732
NONOXIPENT-PWY: pentose phosphate pathway (non-oxidative branch) I	3528.8640753977
NONOXIPENT-PWY: pentose phosphate pathway (non-oxidative branch) I|unclassified	1535.4748949143
NONOXIPENT-PWY: pentose phosphate pathway (non-oxidative branch) I|g__Blautia.s__Blautia_obeum	489.2361221246
NONOXIPENT-PWY: pentose phosphate pathway (non-oxidative branch) I|g__Collinsella.s__Collinsella_aerofaciens	214.4222302662
NONOXIPENT-PWY: pentose phosphate pathway (non-oxidative branch) I|g__Blautia.s__Blautia_wexlerae	173.1731469323
NONOXIPENT-PWY: pentose phosphate pathway (non-oxidative branch) I|g__Anaerostipes.s__Anaerostipes_hadrus	137.9611871210
NONOXIPENT-PWY: pentose phosphate pathway (non-oxidative branch) I|g__Ruminococcus.s__Ruminococcus_sp_AF31_8BH	58.3644387971
NONOXIPENT-PWY: pentose phosphate pathway (non-oxidative branch) I|g__Roseburia.s__Roseburia_hominis	53.8074654795
NONOXIPENT-PWY: pentose phosphate pathway (non-oxidative branch) I|g__Catenibacterium.s__Catenibacterium_mitsuokai	36.6548828710
NONOXIPENT-PWY: pentose phosphate pathway (non-oxidative branch) I|g__Lachnospiraceae_unclassified.s__Eubacterium_rectale	5.6087886834
NONOXIPENT-PWY: pentose phosphate pathway (non-oxidative branch) I|g__Roseburia.s__Roseburia_faecis	2.3678860227
NONOXIPENT-PWY: pentose phosphate pathway (non-oxidative branch) I|g__Streptococcus.s__Streptococcus_salivarius	1.3946960025
PWY-5103: L-isoleucine biosynthesis III	3512.6580176642
PWY-5103: L-isoleucine biosynthesis III|unclassified	816.0682536377
PWY-5103: L-isoleucine biosynthesis III|g__Blautia.s__Blautia_obeum	497.5579976806
PWY-5103: L-isoleucine biosynthesis III|g__Blautia.s__Blautia_wexlerae	272.2508613815
PWY-5103: L-isoleucine biosynthesis III|g__Dorea.s__Dorea_longicatena	228.1525821433
PWY-5103: L-isoleucine biosynthesis III|g__Anaerostipes.s__Anaerostipes_hadrus	144.7894721279
PWY-5103: L-isoleucine biosynthesis III|g__Ruminococcus.s__Ruminococcus_sp_AF31_8BH	131.1897098610
PWY-5103: L-isoleucine biosynthesis III|g__Gemmiger.s__Gemmiger_formicilis	121.6615718176
PWY-5103: L-isoleucine biosynthesis III|g__Dorea.s__Dorea_formicigenerans	107.6068718409
PWY-5103: L-isoleucine biosynthesis III|g__Firmicutes_unclassified.s__Firmicutes_bacterium_AM10_47	58.8437721862
PWY-5103: L-isoleucine biosynthesis III|g__Catenibacterium.s__Catenibacterium_mitsuokai	47.1887909678
PWY-5103: L-isoleucine biosynthesis III|g__Roseburia.s__Roseburia_hominis	29.5206177467
PWY-5103: L-isoleucine biosynthesis III|g__Asaccharobacter.s__Asaccharobacter_celatus	8.8293601995
ANAGLYCOLYSIS-PWY: glycolysis III (from glucose)	3508.1430021934
ANAGLYCOLYSIS-PWY: glycolysis III (from glucose)|unclassified	982.3443733726
ANAGLYCOLYSIS-PWY: glycolysis III (from glucose)|g__Blautia.s__Blautia_obeum	455.9109293677
ANAGLYCOLYSIS-PWY: glycolysis III (from glucose)|g__Blautia.s__Blautia_wexlerae	302.1146060598
ANAGLYCOLYSIS-PWY: glycolysis III (from glucose)|g__Anaerostipes.s__Anaerostipes_hadrus	204.3418092433
ANAGLYCOLYSIS-PWY: glycolysis III (from glucose)|g__Collinsella.s__Collinsella_aerofaciens	101.2518864730
ANAGLYCOLYSIS-PWY: glycolysis III (from glucose)|g__Ruminococcus.s__Ruminococcus_sp_AF31_8BH	101.1720491172
ANAGLYCOLYSIS-PWY: glycolysis III (from glucose)|g__Dorea.s__Dorea_longicatena	100.9224136736
ANAGLYCOLYSIS-PWY: glycolysis III (from glucose)|g__Roseburia.s__Roseburia_hominis	44.5181213395
ANAGLYCOLYSIS-PWY: glycolysis III (from glucose)|g__Catenibacterium.s__Catenibacterium_mitsuokai	38.0574355125
GLUTORN-PWY: L-ornithine biosynthesis I	3485.7239638597
GLUTORN-PWY: L-ornithine biosynthesis I|unclassified	1446.1183896845
GLUTORN-PWY: L-ornithine biosynthesis I|g__Blautia.s__Blautia_wexlerae	375.4340123369
GLUTORN-PWY: L-ornithine biosynthesis I|g__Blautia.s__Blautia_obeum	309.2899328777
GLUTORN-PWY: L-ornithine biosynthesis I|g__Dorea.s__Dorea_longicatena	182.3122106197
GLUTORN-PWY: L-ornithine biosynthesis I|g__Ruminococcus.s__Ruminococcus_lactaris	140.2536340835
GLUTORN-PWY: L-ornithine biosynthesis I|g__Gemmiger.s__Gemmiger_formicilis	131.9725579166
GLUTORN-PWY: L-ornithine biosynthesis I|g__Anaerostipes.s__Anaerostipes_hadrus	112.6408925376
GLUTORN-PWY: L-ornithine biosynthesis I|g__Ruminococcus.s__Ruminococcus_bromii	106.1167180386
GLUTORN-PWY: L-ornithine biosynthesis I|g__Collinsella.s__Collinsella_aerofaciens	86.4559835165
GLUTORN-PWY: L-ornithine biosynthesis I|g__Dorea.s__Dorea_formicigenerans	82.1254482026
GLUTORN-PWY: L-ornithine biosynthesis I|g__Ruminococcus.s__Ruminococcus_sp_AF31_8BH	75.6745491816
GLUTORN-PWY: L-ornithine biosynthesis I|g__Firmicutes_unclassified.s__Firmicutes_bacterium_AM10_47	54.1820730007
GLUTORN-PWY: L-ornithine biosynthesis I|g__Roseburia.s__Roseburia_hominis	42.7826734108
GLUTORN-PWY: L-ornithine biosynthesis I|g__Catenibacterium.s__Catenibacterium_mitsuokai	38.6841315870
GLUTORN-PWY: L-ornithine biosynthesis I|g__Intestinibacter.s__Intestinibacter_bartlettii	14.9231616190
BRANCHED-CHAIN-AA-SYN-PWY: superpathway of branched chain amino acid biosynthesis	3481.0772659866
BRANCHED-CHAIN-AA-SYN-PWY: superpathway of branched chain amino acid biosynthesis|unclassified	918.8668369113
BRANCHED-CHAIN-AA-SYN-PWY: superpathway of branched chain amino acid biosynthesis|g__Blautia.s__Blautia_obeum	520.5079082698
BRANCHED-CHAIN-AA-SYN-PWY: superpathway of branched chain amino acid biosynthesis|g__Blautia.s__Blautia_wexlerae	291.1995960409
BRANCHED-CHAIN-AA-SYN-PWY: superpathway of branched chain amino acid biosynthesis|g__Dorea.s__Dorea_longicatena	216.4433906557
BRANCHED-CHAIN-AA-SYN-PWY: superpathway of branched chain amino acid biosynthesis|g__Anaerostipes.s__Anaerostipes_hadrus	151.3631465435
BRANCHED-CHAIN-AA-SYN-PWY: superpathway of branched chain amino acid biosynthesis|g__Ruminococcus.s__Ruminococcus_sp_AF31_8BH	133.4613406976
BRANCHED-CHAIN-AA-SYN-PWY: superpathway of branched chain amino acid biosynthesis|g__Gemmiger.s__Gemmiger_formicilis	121.4761216693
BRANCHED-CHAIN-AA-SYN-PWY: superpathway of branched chain amino acid biosynthesis|g__Dorea.s__Dorea_formicigenerans	104.0457046067
BRANCHED-CHAIN-AA-SYN-PWY: superpathway of branched chain amino acid biosynthesis|g__Catenibacterium.s__Catenibacterium_mitsuokai	51.8135482553
BRANCHED-CHAIN-AA-SYN-PWY: superpathway of branched chain amino acid biosynthesis|g__Roseburia.s__Roseburia_hominis	32.6540457547
BRANCHED-CHAIN-AA-SYN-PWY: superpathway of branched chain amino acid biosynthesis|g__Asaccharobacter.s__Asaccharobacter_celatus	10.5127815772
PWY66-429: fatty acid biosynthesis initiation (mitochondria)	3446.4249305464
PWY66-429: fatty acid biosynthesis initiation (mitochondria)|unclassified	1452.4187787299
PWY66-429: fatty acid biosynthesis initiation (mitochondria)|g__Blautia.s__Blautia_obeum	447.2925057375
PWY66-429: fatty acid biosynthesis initiation (mitochondria)|g__Dorea.s__Dorea_longicatena	198.9752839242
PWY66-429: fatty acid biosynthesis initiation (mitochondria)|g__Ruminococcus.s__Ruminococcus_lactaris	186.3801361150
PWY66-429: fatty acid biosynthesis initiation (mitochondria)|g__Blautia.s__Blautia_wexlerae	165.0525324595
PWY66-429: fatty acid biosynthesis initiation (mitochondria)|g__Anaerostipes.s__Anaerostipes_hadrus	132.8125636157
PWY66-429: fatty acid biosynthesis initiation (mitochondria)|g__Dorea.s__Dorea_formicigenerans	116.3810170870
PWY66-429: fatty acid biosynthesis initiation (mitochondria)|g__Firmicutes_unclassified.s__Firmicutes_bacterium_AM10_47	78.5679774023
PWY66-429: fatty acid biosynthesis initiation (mitochondria)|g__Catenibacterium.s__Catenibacterium_mitsuokai	32.6359392022
PWY66-429: fatty acid biosynthesis initiation (mitochondria)|g__Roseburia.s__Roseburia_hominis	31.2782781636
PWY66-429: fatty acid biosynthesis initiation (mitochondria)|g__Intestinibacter.s__Intestinibacter_bartlettii	10.5848815650
PWY66-429: fatty acid biosynthesis initiation (mitochondria)|g__Eubacterium.s__Eubacterium_ramulus	9.3395136952
PWY66-429: fatty acid biosynthesis initiation (mitochondria)|g__Streptococcus.s__Streptococcus_australis	9.0076441845
PWY66-429: fatty acid biosynthesis initiation (mitochondria)|g__Streptococcus.s__Streptococcus_thermophilus	3.6455817696
PWY66-429: fatty acid biosynthesis initiation (mitochondria)|g__Streptococcus.s__Streptococcus_pneumoniae	1.9350679654
PWY66-429: fatty acid biosynthesis initiation (mitochondria)|g__Streptococcus.s__Streptococcus_salivarius	1.0647855685
TRNA-CHARGING-PWY: tRNA charging	3418.2165834051
TRNA-CHARGING-PWY: tRNA charging|unclassified	1021.4276604330
TRNA-CHARGING-PWY: tRNA charging|g__Holdemanella.s__Holdemanella_biformis	383.8241001427
TRNA-CHARGING-PWY: tRNA charging|g__Gemmiger.s__Gemmiger_formicilis	141.3159519196
TRNA-CHARGING-PWY: tRNA charging|g__Anaerostipes.s__Anaerostipes_hadrus	135.7483860813
TRNA-CHARGING-PWY: tRNA charging|g__Dorea.s__Dorea_longicatena	101.3006462989
TRNA-CHARGING-PWY: tRNA charging|g__Roseburia.s__Roseburia_hominis	24.3509486452
TRNA-CHARGING-PWY: tRNA charging|g__Intestinibacter.s__Intestinibacter_bartlettii	17.3306448134
TRNA-CHARGING-PWY: tRNA charging|g__Streptococcus.s__Streptococcus_australis	4.0706073017
TRNA-CHARGING-PWY: tRNA charging|g__Streptococcus.s__Streptococcus_sp_A12	3.7812729203
PWY-5667: CDP-diacylglycerol biosynthesis I	3249.1055396176
PWY-5667: CDP-diacylglycerol biosynthesis I|unclassified	1272.9357793401
PWY-5667: CDP-diacylglycerol biosynthesis I|g__Blautia.s__Blautia_obeum	400.4800055005
PWY-5667: CDP-diacylglycerol biosynthesis I|g__Blautia.s__Blautia_wexlerae	192.3670431214
PWY-5667: CDP-diacylglycerol biosynthesis I|g__Ruminococcus.s__Ruminococcus_lactaris	164.4005326289
PWY-5667: CDP-diacylglycerol biosynthesis I|g__Anaerostipes.s__Anaerostipes_hadrus	155.2969602795
PWY-5667: CDP-diacylglycerol biosynthesis I|g__Dorea.s__Dorea_longicatena	150.0804411990
PWY-5667: CDP-diacylglycerol biosynthesis I|g__Dorea.s__Dorea_formicigenerans	73.6284316860
PWY-5667: CDP-diacylglycerol biosynthesis I|g__Ruminococcus.s__Ruminococcus_sp_AF31_8BH	47.8336580752
PWY-5667: CDP-diacylglycerol biosynthesis I|g__Firmicutes_unclassified.s__Firmicutes_bacterium_AM10_47	35.8543865260
PWY-5667: CDP-diacylglycerol biosynthesis I|g__Roseburia.s__Roseburia_hominis	7.9156367862
PWY-5667: CDP-diacylglycerol biosynthesis I|g__Streptococcus.s__Streptococcus_australis	2.3064849955
PWY0-1319: CDP-diacylglycerol biosynthesis II	3249.1055396176
PWY0-1319: CDP-diacylglycerol biosynthesis II|unclassified	1272.9357793401
PWY0-1319: CDP-diacylglycerol biosynthesis II|g__Blautia.s__Blautia_obeum	400.4800055005
PWY0-1319: CDP-diacylglycerol biosynthesis II|g__Blautia.s__Blautia_wexlerae	192.3670431214
PWY0-1319: CDP-diacylglycerol biosynthesis II|g__Ruminococcus.s__Ruminococcus_lactaris	164.4005326289
PWY0-1319: CDP-diacylglycerol biosynthesis II|g__Anaerostipes.s__Anaerostipes_hadrus	155.2969602795
PWY0-1319: CDP-diacylglycerol biosynthesis II|g__Dorea.s__Dorea_longicatena	150.0804411990
PWY0-1319: CDP-diacylglycerol biosynthesis II|g__Dorea.s__Dorea_formicigenerans	73.6284316860
PWY0-1319: CDP-diacylglycerol biosynthesis II|g__Ruminococcus.s__Ruminococcus_sp_AF31_8BH	47.8336580752
PWY0-1319: CDP-diacylglycerol biosynthesis II|g__Firmicutes_unclassified.s__Firmicutes_bacterium_AM10_47	35.8543865260
PWY0-1319: CDP-diacylglycerol biosynthesis II|g__Roseburia.s__Roseburia_hominis	7.9156367862
PWY0-1319: CDP-diacylglycerol biosynthesis II|g__Streptococcus.s__Streptococcus_australis	2.3064849955
PWY-6527: stachyose degradation	3240.0089340560
PWY-6527: stachyose degradation|unclassified	1215.1857184440
PWY-6527: stachyose degradation|g__Blautia.s__Blautia_obeum	603.2588106727
PWY-6527: stachyose degradation|g__Blautia.s__Blautia_wexlerae	366.7933358498
PWY-6527: stachyose degradation|g__Ruminococcus.s__Ruminococcus_lactaris	161.1529968293
PWY-6527: stachyose degradation|g__Dorea.s__Dorea_longicatena	28.8705349412
COA-PWY-1: superpathway of coenzyme A biosynthesis III (mammals)	3222.9761849002
COA-PWY-1: superpathway of coenzyme A biosynthesis III (mammals)|unclassified	1193.3216036662
COA-PWY-1: superpathway of coenzyme A biosynthesis III (mammals)|g__Holdemanella.s__Holdemanella_biformis	394.9388040253
COA-PWY-1: superpathway of coenzyme A biosynthesis III (mammals)|g__Blautia.s__Blautia_obeum	329.9435314211
COA-PWY-1: superpathway of coenzyme A biosynthesis III (mammals)|g__Anaerostipes.s__Anaerostipes_hadrus	136.7940121557
COA-PWY-1: superpathway of coenzyme A biosynthesis III (mammals)|g__Ruminococcus.s__Ruminococcus_lactaris	125.8554472744
COA-PWY-1: superpathway of coenzyme A biosynthesis III (mammals)|g__Blautia.s__Blautia_wexlerae	124.4378758185
COA-PWY-1: superpathway of coenzyme A biosynthesis III (mammals)|g__Gemmiger.s__Gemmiger_formicilis	109.4427960727
COA-PWY-1: superpathway of coenzyme A biosynthesis III (mammals)|g__Collinsella.s__Collinsella_aerofaciens	93.1046844946
COA-PWY-1: superpathway of coenzyme A biosynthesis III (mammals)|g__Dorea.s__Dorea_longicatena	92.7402072708
COA-PWY-1: superpathway of coenzyme A biosynthesis III (mammals)|g__Dorea.s__Dorea_formicigenerans	88.7574458781
COA-PWY-1: superpathway of coenzyme A biosynthesis III (mammals)|g__Firmicutes_unclassified.s__Firmicutes_bacterium_AM10_47	66.3932919669
COA-PWY-1: superpathway of coenzyme A biosynthesis III (mammals)|g__Catenibacterium.s__Catenibacterium_mitsuokai	27.1864455915
COA-PWY-1: superpathway of coenzyme A biosynthesis III (mammals)|g__Roseburia.s__Roseburia_hominis	26.6370281179
COA-PWY-1: superpathway of coenzyme A biosynthesis III (mammals)|g__Eggerthella.s__Eggerthella_lenta	10.0740324500
COA-PWY-1: superpathway of coenzyme A biosynthesis III (mammals)|g__Intestinibacter.s__Intestinibacter_bartlettii	8.1312082848
PWY-724: superpathway of L-lysine, L-threonine and L-methionine biosynthesis II	3215.1581093201
PWY-724: superpathway of L-lysine, L-threonine and L-methionine biosynthesis II|unclassified	1286.3538611366
PWY-724: superpathway of L-lysine, L-threonine and L-methionine biosynthesis II|g__Blautia.s__Blautia_obeum	454.1654636688
PWY-724: superpathway of L-lysine, L-threonine and L-methionine biosynthesis II|g__Dorea.s__Dorea_longicatena	182.4322090076
PWY-724: superpathway of L-lysine, L-threonine and L-methionine biosynthesis II|g__Anaerostipes.s__Anaerostipes_hadrus	123.8271630708
PWY-724: superpathway of L-lysine, L-threonine and L-methionine biosynthesis II|g__Roseburia.s__Roseburia_hominis	42.2372067402
PWY-724: superpathway of L-lysine, L-threonine and L-methionine biosynthesis II|g__Catenibacterium.s__Catenibacterium_mitsuokai	33.3681632333
PWY-2942: L-lysine biosynthesis III	3194.3909178458
PWY-2942: L-lysine biosynthesis III|unclassified	1084.7599026268
PWY-2942: L-lysine biosynthesis III|g__Blautia.s__Blautia_obeum	600.4352748578
PWY-2942: L-lysine biosynthesis III|g__Blautia.s__Blautia_wexlerae	281.4151224683
PWY-2942: L-lysine biosynthesis III|g__Dorea.s__Dorea_longicatena	188.8819929491
PWY-2942: L-lysine biosynthesis III|g__Ruminococcus.s__Ruminococcus_lactaris	161.1363205320
PWY-2942: L-lysine biosynthesis III|g__Anaerostipes.s__Anaerostipes_hadrus	132.2856683032
PWY-2942: L-lysine biosynthesis III|g__Dorea.s__Dorea_formicigenerans	76.5138123668
PWY-2942: L-lysine biosynthesis III|g__Roseburia.s__Roseburia_hominis	46.8307791859
PWY-2942: L-lysine biosynthesis III|g__Catenibacterium.s__Catenibacterium_mitsuokai	33.2778693988
PWY-2942: L-lysine biosynthesis III|g__Asaccharobacter.s__Asaccharobacter_celatus	11.7661091459
PWY-2942: L-lysine biosynthesis III|g__Intestinibacter.s__Intestinibacter_bartlettii	10.8835701643
PWY-2942: L-lysine biosynthesis III|g__Eggerthella.s__Eggerthella_lenta	9.3103607696
PWY-7560: methylerythritol phosphate pathway II	3151.0510429273
PWY-7560: methylerythritol phosphate pathway II|unclassified	1248.9461758174
PWY-7560: methylerythritol phosphate pathway II|g__Blautia.s__Blautia_obeum	281.6917235309
PWY-7560: methylerythritol phosphate pathway II|g__Dorea.s__Dorea_longicatena	213.7803972834
PWY-7560: methylerythritol phosphate pathway II|g__Anaerostipes.s__Anaerostipes_hadrus	141.6662826166
PWY-7560: methylerythritol phosphate pathway II|g__Blautia.s__Blautia_wexlerae	101.5981503183
PWY-7560: methylerythritol phosphate pathway II|g__Ruminococcus.s__Ruminococcus_sp_AF31_8BH	32.8218764266
PWY-6936: seleno-amino acid biosynthesis (plants)	3138.6391007322
PWY-6936: seleno-amino acid biosynthesis (plants)|unclassified	486.3571895062
PWY-6936: seleno-amino acid biosynthesis (plants)|g__Holdemanella.s__Holdemanella_biformis	344.6175405403
PWY-6936: seleno-amino acid biosynthesis (plants)|g__Anaerostipes.s__Anaerostipes_hadrus	196.5747537035
PWY-6936: seleno-amino acid biosynthesis (plants)|g__Ruminococcus.s__Ruminococcus_lactaris	163.8809892923
PWY-6936: seleno-amino acid biosynthesis (plants)|g__Dorea.s__Dorea_formicigenerans	102.1500174504
PWY-6936: seleno-amino acid biosynthesis (plants)|g__Catenibacterium.s__Catenibacterium_mitsuokai	44.6029893710
PWY-6936: seleno-amino acid biosynthesis (plants)|g__Roseburia.s__Roseburia_hominis	31.1651040427
PWY-6936: seleno-amino acid biosynthesis (plants)|g__Streptococcus.s__Streptococcus_sp_A12	7.0549163466
PWY-6936: seleno-amino acid biosynthesis (plants)|g__Streptococcus.s__Streptococcus_australis	3.5062540462
PWY-6270: isoprene biosynthesis I	3128.0098716164
PWY-6270: isoprene biosynthesis I|unclassified	1246.2778579598
PWY-6270: isoprene biosynthesis I|g__Blautia.s__Blautia_obeum	262.7083071988
PWY-6270: isoprene biosynthesis I|g__Dorea.s__Dorea_longicatena	205.7954829510
PWY-6270: isoprene biosynthesis I|g__Anaerostipes.s__Anaerostipes_hadrus	123.8793382290
PWY-6270: isoprene biosynthesis I|g__Blautia.s__Blautia_wexlerae	112.1698020216
PWY-6270: isoprene biosynthesis I|g__Ruminococcus.s__Ruminococcus_sp_AF31_8BH	34.0897948721
COA-PWY: coenzyme A biosynthesis I (prokaryotic)	3019.5634784140
COA-PWY: coenzyme A biosynthesis I (prokaryotic)|unclassified	1082.8258996292
COA-PWY: coenzyme A biosynthesis I (prokaryotic)|g__Holdemanella.s__Holdemanella_biformis	390.8088713722
COA-PWY: coenzyme A biosynthesis I (prokaryotic)|g__Blautia.s__Blautia_obeum	341.3288329154
COA-PWY: coenzyme A biosynthesis I (prokaryotic)|g__Blautia.s__Blautia_wexlerae	202.8303470270
COA-PWY: coenzyme A biosynthesis I (prokaryotic)|g__Dorea.s__Dorea_longicatena	164.3640816162
COA-PWY: coenzyme A biosynthesis I (prokaryotic)|g__Ruminococcus.s__Ruminococcus_lactaris	160.1671275796
COA-PWY: coenzyme A biosynthesis I (prokaryotic)|g__Anaerostipes.s__Anaerostipes_hadrus	133.7687084064
COA-PWY: coenzyme A biosynthesis I (prokaryotic)|g__Gemmiger.s__Gemmiger_formicilis	108.1791777003
COA-PWY: coenzyme A biosynthesis I (prokaryotic)|g__Dorea.s__Dorea_formicigenerans	94.0729208386
COA-PWY: coenzyme A biosynthesis I (prokaryotic)|g__Collinsella.s__Collinsella_aerofaciens	82.6239625353
COA-PWY: coenzyme A biosynthesis I (prokaryotic)|g__Firmicutes_unclassified.s__Firmicutes_bacterium_AM10_47	65.8397980848
COA-PWY: coenzyme A biosynthesis I (prokaryotic)|g__Catenibacterium.s__Catenibacterium_mitsuokai	28.3281643176
COA-PWY: coenzyme A biosynthesis I (prokaryotic)|g__Roseburia.s__Roseburia_hominis	24.7936124433
COA-PWY: coenzyme A biosynthesis I (prokaryotic)|g__Intestinibacter.s__Intestinibacter_bartlettii	21.1645931394
COA-PWY: coenzyme A biosynthesis I (prokaryotic)|g__Eggerthella.s__Eggerthella_lenta	12.3462568140
COA-PWY: coenzyme A biosynthesis I (prokaryotic)|g__Gordonibacter.s__Gordonibacter_pamelaeae	7.3126545266
PWY-7851: coenzyme A biosynthesis II (eukaryotic)	3019.5634784140
PWY-7851: coenzyme A biosynthesis II (eukaryotic)|unclassified	1082.8258996292
PWY-7851: coenzyme A biosynthesis II (eukaryotic)|g__Holdemanella.s__Holdemanella_biformis	390.8088713722
PWY-7851: coenzyme A biosynthesis II (eukaryotic)|g__Blautia.s__Blautia_obeum	341.3288329154
PWY-7851: coenzyme A biosynthesis II (eukaryotic)|g__Dorea.s__Dorea_longicatena	156.5256937481
PWY-7851: coenzyme A biosynthesis II (eukaryotic)|g__Anaerostipes.s__Anaerostipes_hadrus	119.6267345963
PWY-7851: coenzyme A biosynthesis II (eukaryotic)|g__Blautia.s__Blautia_wexlerae	117.0947767903
PWY-7851: coenzyme A biosynthesis II (eukaryotic)|g__Ruminococcus.s__Ruminococcus_lactaris	115.4776193386
PWY-7851: coenzyme A biosynthesis II (eukaryotic)|g__Gemmiger.s__Gemmiger_formicilis	95.9552274163
PWY-7851: coenzyme A biosynthesis II (eukaryotic)|g__Dorea.s__Dorea_formicigenerans	85.9114104364
PWY-7851: coenzyme A biosynthesis II (eukaryotic)|g__Collinsella.s__Collinsella_aerofaciens	81.3794747348
PWY-7851: coenzyme A biosynthesis II (eukaryotic)|g__Firmicutes_unclassified.s__Firmicutes_bacterium_AM10_47	62.1637335498
PWY-7851: coenzyme A biosynthesis II (eukaryotic)|g__Catenibacterium.s__Catenibacterium_mitsuokai	28.3281643176
PWY-7851: coenzyme A biosynthesis II (eukaryotic)|g__Roseburia.s__Roseburia_hominis	24.7936124433
PWY-7851: coenzyme A biosynthesis II (eukaryotic)|g__Eggerthella.s__Eggerthella_lenta	8.9647329201
PWY-7851: coenzyme A biosynthesis II (eukaryotic)|g__Intestinibacter.s__Intestinibacter_bartlettii	7.4469368683
PWY-6823: molybdopterin biosynthesis	2942.5828595350
PWY-6823: molybdopterin biosynthesis|unclassified	1258.2931915284
PWY-6823: molybdopterin biosynthesis|g__Blautia.s__Blautia_obeum	611.2084454355
PWY-6823: molybdopterin biosynthesis|g__Holdemanella.s__Holdemanella_biformis	420.3566558426
PWY-6823: molybdopterin biosynthesis|g__Anaerostipes.s__Anaerostipes_hadrus	100.3769728991
PWY-6823: molybdopterin biosynthesis|g__Dorea.s__Dorea_formicigenerans	99.2086665794
PWY-6823: molybdopterin biosynthesis|g__Firmicutes_unclassified.s__Firmicutes_bacterium_AM10_47	40.0933347349
PWY-6823: molybdopterin biosynthesis|g__Blautia.s__Blautia_wexlerae	38.2262668912
PWY-6823: molybdopterin biosynthesis|g__Catenibacterium.s__Catenibacterium_mitsuokai	26.5088387868
PWY-6823: molybdopterin biosynthesis|g__Intestinibacter.s__Intestinibacter_bartlettii	24.9123015449
PWY-6823: molybdopterin biosynthesis|g__Gordonibacter.s__Gordonibacter_pamelaeae	8.6611331649
PWY-6823: molybdopterin biosynthesis|g__Eggerthella.s__Eggerthella_lenta	5.2570700144
PWY-3841: folate transformations II (plants)	2930.6440457585
PWY-3841: folate transformations II (plants)|unclassified	810.6377955151
PWY-3841: folate transformations II (plants)|g__Blautia.s__Blautia_wexlerae	327.3452070616
PWY-3841: folate transformations II (plants)|g__Ruminococcus.s__Ruminococcus_lactaris	147.7885443351
PWY-3841: folate transformations II (plants)|g__Anaerostipes.s__Anaerostipes_hadrus	132.6642745695
PWY-3841: folate transformations II (plants)|g__Dorea.s__Dorea_longicatena	85.0490233953
PWY-3841: folate transformations II (plants)|g__Blautia.s__Blautia_obeum	82.9286086325
PWY-3841: folate transformations II (plants)|g__Firmicutes_unclassified.s__Firmicutes_bacterium_AM10_47	71.9342247429
PWY-3841: folate transformations II (plants)|g__Dorea.s__Dorea_formicigenerans	62.9040226053
PWY-3841: folate transformations II (plants)|g__Roseburia.s__Roseburia_hominis	52.6220717605
PWY-3841: folate transformations II (plants)|g__Catenibacterium.s__Catenibacterium_mitsuokai	39.4177217487
PANTOSYN-PWY: superpathway of coenzyme A biosynthesis I (bacteria)	2925.8808297709
PANTOSYN-PWY: superpathway of coenzyme A biosynthesis I (bacteria)|unclassified	694.8224733997
PANTOSYN-PWY: superpathway of coenzyme A biosynthesis I (bacteria)|g__Blautia.s__Blautia_obeum	306.7074721346
PANTOSYN-PWY: superpathway of coenzyme A biosynthesis I (bacteria)|g__Blautia.s__Blautia_wexlerae	175.2599213588
PANTOSYN-PWY: superpathway of coenzyme A biosynthesis I (bacteria)|g__Anaerostipes.s__Anaerostipes_hadrus	160.4237665502
PANTOSYN-PWY: superpathway of coenzyme A biosynthesis I (bacteria)|g__Ruminococcus.s__Ruminococcus_lactaris	146.3146862486
PANTOSYN-PWY: superpathway of coenzyme A biosynthesis I (bacteria)|g__Dorea.s__Dorea_longicatena	119.0490044627
PANTOSYN-PWY: superpathway of coenzyme A biosynthesis I (bacteria)|g__Dorea.s__Dorea_formicigenerans	112.2068571902
PANTOSYN-PWY: superpathway of coenzyme A biosynthesis I (bacteria)|g__Firmicutes_unclassified.s__Firmicutes_bacterium_AM10_47	68.8932029497
PANTOSYN-PWY: superpathway of coenzyme A biosynthesis I (bacteria)|g__Roseburia.s__Roseburia_hominis	17.3133535307
PANTOSYN-PWY: superpathway of coenzyme A biosynthesis I (bacteria)|g__Eggerthella.s__Eggerthella_lenta	14.9614437360
PWY-7357: thiamine phosphate formation from pyrithiamine and oxythiamine (yeast)	2915.0885997949
PWY-7357: thiamine phosphate formation from pyrithiamine and oxythiamine (yeast)|unclassified	1218.2820420418
PWY-7357: thiamine phosphate formation from pyrithiamine and oxythiamine (yeast)|g__Blautia.s__Blautia_obeum	364.5233270596
PWY-7357: thiamine phosphate formation from pyrithiamine and oxythiamine (yeast)|g__Holdemanella.s__Holdemanella_biformis	340.6431434900
PWY-7357: thiamine phosphate formation from pyrithiamine and oxythiamine (yeast)|g__Dorea.s__Dorea_longicatena	166.5378676843
PWY-7357: thiamine phosphate formation from pyrithiamine and oxythiamine (yeast)|g__Blautia.s__Blautia_wexlerae	156.7839880042
PWY-7357: thiamine phosphate formation from pyrithiamine and oxythiamine (yeast)|g__Anaerostipes.s__Anaerostipes_hadrus	149.4937265069
PWY-7357: thiamine phosphate formation from pyrithiamine and oxythiamine (yeast)|g__Collinsella.s__Collinsella_aerofaciens	115.1115668007
PWY-7357: thiamine phosphate formation from pyrithiamine and oxythiamine (yeast)|g__Dorea.s__Dorea_formicigenerans	97.6432032846
PWY-7357: thiamine phosphate formation from pyrithiamine and oxythiamine (yeast)|g__Firmicutes_unclassified.s__Firmicutes_bacterium_AM10_47	52.4456958117
PWY-7357: thiamine phosphate formation from pyrithiamine and oxythiamine (yeast)|g__Roseburia.s__Roseburia_hominis	34.4580688664
PWY-7357: thiamine phosphate formation from pyrithiamine and oxythiamine (yeast)|g__Eubacterium.s__Eubacterium_ramulus	13.3395575818
PANTO-PWY: phosphopantothenate biosynthesis I	2896.1916865340
PANTO-PWY: phosphopantothenate biosynthesis I|unclassified	681.7607015358
PANTO-PWY: phosphopantothenate biosynthesis I|g__Blautia.s__Blautia_obeum	290.3695690142
PANTO-PWY: phosphopantothenate biosynthesis I|g__Blautia.s__Blautia_wexlerae	234.2060805916
PANTO-PWY: phosphopantothenate biosynthesis I|g__Anaerostipes.s__Anaerostipes_hadrus	208.6876098335
PANTO-PWY: phosphopantothenate biosynthesis I|g__Ruminococcus.s__Ruminococcus_lactaris	163.7102407979
PANTO-PWY: phosphopantothenate biosynthesis I|g__Dorea.s__Dorea_formicigenerans	123.2550419100
PANTO-PWY: phosphopantothenate biosynthesis I|g__Firmicutes_unclassified.s__Firmicutes_bacterium_AM10_47	91.4082322382
PANTO-PWY: phosphopantothenate biosynthesis I|g__Dorea.s__Dorea_longicatena	85.7898209402
PANTO-PWY: phosphopantothenate biosynthesis I|g__Eggerthella.s__Eggerthella_lenta	36.0714564474
PANTO-PWY: phosphopantothenate biosynthesis I|g__Intestinibacter.s__Intestinibacter_bartlettii	15.9256805665
PANTO-PWY: phosphopantothenate biosynthesis I|g__Roseburia.s__Roseburia_hominis	14.9008631906
PWY-7237: myo-, chiro- and scyllo-inositol degradation	2872.4687449215
PWY-7237: myo-, chiro- and scyllo-inositol degradation|unclassified	1804.9366545243
PWY-7237: myo-, chiro- and scyllo-inositol degradation|g__Blautia.s__Blautia_wexlerae	439.8500220789
PWY-7237: myo-, chiro- and scyllo-inositol degradation|g__Anaerostipes.s__Anaerostipes_hadrus	244.0676015164
PWY-7237: myo-, chiro- and scyllo-inositol degradation|g__Blautia.s__Blautia_obeum	188.9789020918
PWY-7237: myo-, chiro- and scyllo-inositol degradation|g__Dorea.s__Dorea_longicatena	166.4123250971
PWY-7237: myo-, chiro- and scyllo-inositol degradation|g__Ruminococcus.s__Ruminococcus_sp_AF31_8BH	83.0933638808
PWY-7237: myo-, chiro- and scyllo-inositol degradation|g__Firmicutes_unclassified.s__Firmicutes_bacterium_AM10_47	82.4102147590
PWY-7237: myo-, chiro- and scyllo-inositol degradation|g__Roseburia.s__Roseburia_hominis	19.1434555027
1CMET2-PWY: folate transformations III (E. coli)	2846.9103954121
1CMET2-PWY: folate transformations III (E. coli)|unclassified	799.0509251301
1CMET2-PWY: folate transformations III (E. coli)|g__Blautia.s__Blautia_wexlerae	156.3662076219
1CMET2-PWY: folate transformations III (E. coli)|g__Anaerostipes.s__Anaerostipes_hadrus	126.6341852076
1CMET2-PWY: folate transformations III (E. coli)|g__Blautia.s__Blautia_obeum	83.5206036955
1CMET2-PWY: folate transformations III (E. coli)|g__Roseburia.s__Roseburia_hominis	27.3504663889
PWY-6123: inosine-5'-phosphate biosynthesis I	2816.7264681657
PWY-6123: inosine-5'-phosphate biosynthesis I|unclassified	552.1455277280
PWY-6123: inosine-5'-phosphate biosynthesis I|g__Holdemanella.s__Holdemanella_biformis	448.7059113297
PWY-6123: inosine-5'-phosphate biosynthesis I|g__Blautia.s__Blautia_wexlerae	372.5215200976
PWY-6123: inosine-5'-phosphate biosynthesis I|g__Blautia.s__Blautia_obeum	270.7419693571
PWY-6123: inosine-5'-phosphate biosynthesis I|g__Ruminococcus.s__Ruminococcus_lactaris	170.6768519616
PWY-6123: inosine-5'-phosphate biosynthesis I|g__Anaerostipes.s__Anaerostipes_hadrus	117.5990752093
PWY-6123: inosine-5'-phosphate biosynthesis I|g__Ruminococcus.s__Ruminococcus_sp_AF31_8BH	114.1216753484
PWY-6123: inosine-5'-phosphate biosynthesis I|g__Collinsella.s__Collinsella_aerofaciens	95.9290360787
PWY-6123: inosine-5'-phosphate biosynthesis I|g__Catenibacterium.s__Catenibacterium_mitsuokai	35.0941858397
PWY-6123: inosine-5'-phosphate biosynthesis I|g__Roseburia.s__Roseburia_hominis	22.4048600054
PWY-6123: inosine-5'-phosphate biosynthesis I|g__Eggerthella.s__Eggerthella_lenta	14.5598958587
PWY-6123: inosine-5'-phosphate biosynthesis I|g__Streptococcus.s__Streptococcus_australis	4.1173277357
PWY-6123: inosine-5'-phosphate biosynthesis I|g__Gordonibacter.s__Gordonibacter_pamelaeae	3.3937109333
PWY-6123: inosine-5'-phosphate biosynthesis I|g__Streptococcus.s__Streptococcus_vestibularis	2.5429169469
PWY-6123: inosine-5'-phosphate biosynthesis I|g__Streptococcus.s__Streptococcus_mitis	2.0781156336
PWY-6123: inosine-5'-phosphate biosynthesis I|g__Streptococcus.s__Streptococcus_equinus	2.0440591827
PWY-6123: inosine-5'-phosphate biosynthesis I|g__Streptococcus.s__Streptococcus_salivarius	1.5751821304
PWY-6123: inosine-5'-phosphate biosynthesis I|g__Streptococcus.s__Streptococcus_infantis	1.2532434339
PWY-6123: inosine-5'-phosphate biosynthesis I|g__Streptococcus.s__Streptococcus_oralis	0.9987423375
PWY-3001: superpathway of L-isoleucine biosynthesis I	2768.5453325497
PWY-3001: superpathway of L-isoleucine biosynthesis I|unclassified	850.1428907658
PWY-7977: L-methionine biosynthesis IV	2759.9242102779
PWY-7977: L-methionine biosynthesis IV|unclassified	757.6764954876
PWY-7977: L-methionine biosynthesis IV|g__Dorea.s__Dorea_longicatena	163.1607825137
PWY-7977: L-methionine biosynthesis IV|g__Anaerostipes.s__Anaerostipes_hadrus	132.6934110461
PWY-7977: L-methionine biosynthesis IV|g__Collinsella.s__Collinsella_aerofaciens	124.9799924957
PWY-7977: L-methionine biosynthesis IV|g__Roseburia.s__Roseburia_hominis	51.4911022762
PWY-7977: L-methionine biosynthesis IV|g__Catenibacterium.s__Catenibacterium_mitsuokai	21.2161515373
PWY-7977: L-methionine biosynthesis IV|g__Gordonibacter.s__Gordonibacter_urolithinfaciens	3.2922749123
PWY-7977: L-methionine biosynthesis IV|g__Gordonibacter.s__Gordonibacter_pamelaeae	1.9186962241
PWY-6700: queuosine biosynthesis I (de novo)	2697.8401576748
PWY-6700: queuosine biosynthesis I (de novo)|unclassified	967.6661174808
PWY-6700: queuosine biosynthesis I (de novo)|g__Blautia.s__Blautia_obeum	367.3443936930
PWY-6700: queuosine biosynthesis I (de novo)|g__Dorea.s__Dorea_longicatena	224.6484257206
PWY-6700: queuosine biosynthesis I (de novo)|g__Blautia.s__Blautia_wexlerae	220.2495807598
PWY-6700: queuosine biosynthesis I (de novo)|g__Anaerostipes.s__Anaerostipes_hadrus	152.1672962719
PWY-6700: queuosine biosynthesis I (de novo)|g__Ruminococcus.s__Ruminococcus_lactaris	146.4010086782
PWY-6700: queuosine biosynthesis I (de novo)|g__Collinsella.s__Collinsella_aerofaciens	104.1447431670
PWY-6700: queuosine biosynthesis I (de novo)|g__Gemmiger.s__Gemmiger_formicilis	95.4876469240
PWY-6700: queuosine biosynthesis I (de novo)|g__Firmicutes_unclassified.s__Firmicutes_bacterium_AM10_47	74.9453153005
PWY-6700: queuosine biosynthesis I (de novo)|g__Ruminococcus.s__Ruminococcus_bromii	73.3902388325
PWY-6700: queuosine biosynthesis I (de novo)|g__Roseburia.s__Roseburia_hominis	64.9834252914
PWY-6700: queuosine biosynthesis I (de novo)|g__Dorea.s__Dorea_formicigenerans	42.8268538440
PWY-6700: queuosine biosynthesis I (de novo)|g__Catenibacterium.s__Catenibacterium_mitsuokai	39.2891381212
PWY-6700: queuosine biosynthesis I (de novo)|g__Intestinibacter.s__Intestinibacter_bartlettii	16.0913692456
PWY-6700: queuosine biosynthesis I (de novo)|g__Eggerthella.s__Eggerthella_lenta	8.0382000379
PWY-6700: queuosine biosynthesis I (de novo)|g__Streptococcus.s__Streptococcus_thermophilus	1.5822019070
PWY-6124: inosine-5'-phosphate biosynthesis II	2658.5254571498
PWY-6124: inosine-5'-phosphate biosynthesis II|unclassified	486.9526228428
PWY-6124: inosine-5'-phosphate biosynthesis II|g__Blautia.s__Blautia_wexlerae	461.0399400251
PWY-6124: inosine-5'-phosphate biosynthesis II|g__Holdemanella.s__Holdemanella_biformis	457.9498872475
PWY-6124: inosine-5'-phosphate biosynthesis II|g__Blautia.s__Blautia_obeum	249.8225117697
PWY-6124: inosine-5'-phosphate biosynthesis II|g__Ruminococcus.s__Ruminococcus_lactaris	174.0486907739
PWY-6124: inosine-5'-phosphate biosynthesis II|g__Anaerostipes.s__Anaerostipes_hadrus	123.5534131946
PWY-6124: inosine-5'-phosphate biosynthesis II|g__Ruminococcus.s__Ruminococcus_sp_AF31_8BH	104.7152024891
PWY-6124: inosine-5'-phosphate biosynthesis II|g__Collinsella.s__Collinsella_aerofaciens	95.2402682905
PWY-6124: inosine-5'-phosphate biosynthesis II|g__Catenibacterium.s__Catenibacterium_mitsuokai	35.2157061812
PWY-6124: inosine-5'-phosphate biosynthesis II|g__Roseburia.s__Roseburia_hominis	19.8479741695
PWY-6124: inosine-5'-phosphate biosynthesis II|g__Eggerthella.s__Eggerthella_lenta	13.5430527930
PWY-6124: inosine-5'-phosphate biosynthesis II|g__Faecalibacterium.s__Faecalibacterium_prausnitzii	11.9359618360
PWY-6124: inosine-5'-phosphate biosynthesis II|g__Streptococcus.s__Streptococcus_thermophilus	7.7040757662
PWY-6124: inosine-5'-phosphate biosynthesis II|g__Streptococcus.s__Streptococcus_australis	4.7099192256
PWY-6124: inosine-5'-phosphate biosynthesis II|g__Gordonibacter.s__Gordonibacter_pamelaeae	3.4578716875
PWY-6124: inosine-5'-phosphate biosynthesis II|g__Streptococcus.s__Streptococcus_equinus	3.0630953168
PWY-6124: inosine-5'-phosphate biosynthesis II|g__Streptococcus.s__Streptococcus_mitis	2.0691234101
PWY-6124: inosine-5'-phosphate biosynthesis II|g__Streptococcus.s__Streptococcus_vestibularis	1.4174564877
PWY-6124: inosine-5'-phosphate biosynthesis II|g__Streptococcus.s__Streptococcus_infantis	1.3005330413
THRESYN-PWY: superpathway of L-threonine biosynthesis	2643.5526816286
THRESYN-PWY: superpathway of L-threonine biosynthesis|unclassified	829.4190662391
THRESYN-PWY: superpathway of L-threonine biosynthesis|g__Holdemanella.s__Holdemanella_biformis	363.0230185747
THRESYN-PWY: superpathway of L-threonine biosynthesis|g__Blautia.s__Blautia_obeum	328.5012527023
THRESYN-PWY: superpathway of L-threonine biosynthesis|g__Collinsella.s__Collinsella_aerofaciens	139.9224836163
THRESYN-PWY: superpathway of L-threonine biosynthesis|g__Anaerostipes.s__Anaerostipes_hadrus	121.9363553894
THRESYN-PWY: superpathway of L-threonine biosynthesis|g__Roseburia.s__Roseburia_hominis	40.4120544460
THRESYN-PWY: superpathway of L-threonine biosynthesis|g__Catenibacterium.s__Catenibacterium_mitsuokai	29.2982320659
THRESYN-PWY: superpathway of L-threonine biosynthesis|g__Streptococcus.s__Streptococcus_australis	3.9025135093
THRESYN-PWY: superpathway of L-threonine biosynthesis|g__Streptococcus.s__Streptococcus_sp_A12	3.5441647564
SER-GLYSYN-PWY: superpathway of L-serine and glycine biosynthesis I	2523.2676142100
SER-GLYSYN-PWY: superpathway of L-serine and glycine biosynthesis I|unclassified	693.1426769128
SER-GLYSYN-PWY: superpathway of L-serine and glycine biosynthesis I|g__Blautia.s__Blautia_wexlerae	449.0953967947
SER-GLYSYN-PWY: superpathway of L-serine and glycine biosynthesis I|g__Blautia.s__Blautia_obeum	307.7855366531
SER-GLYSYN-PWY: superpathway of L-serine and glycine biosynthesis I|g__Dorea.s__Dorea_longicatena	167.5300187923
SER-GLYSYN-PWY: superpathway of L-serine and glycine biosynthesis I|g__Ruminococcus.s__Ruminococcus_lactaris	146.3805171326
SER-GLYSYN-PWY: superpathway of L-serine and glycine biosynthesis I|g__Collinsella.s__Collinsella_aerofaciens	119.0767628012
SER-GLYSYN-PWY: superpathway of L-serine and glycine biosynthesis I|g__Anaerostipes.s__Anaerostipes_hadrus	117.7654551127
SER-GLYSYN-PWY: superpathway of L-serine and glycine biosynthesis I|g__Ruminococcus.s__Ruminococcus_sp_AF31_8BH	81.1610820856
SER-GLYSYN-PWY: superpathway of L-serine and glycine biosynthesis I|g__Firmicutes_unclassified.s__Firmicutes_bacterium_AM10_47	73.7633791894
SER-GLYSYN-PWY: superpathway of L-serine and glycine biosynthesis I|g__Dorea.s__Dorea_formicigenerans	57.3642131894
SER-GLYSYN-PWY: superpathway of L-serine and glycine biosynthesis I|g__Asaccharobacter.s__Asaccharobacter_celatus	10.3242575832
SER-GLYSYN-PWY: superpathway of L-serine and glycine biosynthesis I|g__Eubacterium.s__Eubacterium_ramulus	5.8907036365
HISTSYN-PWY: L-histidine biosynthesis	2460.8070919280
HISTSYN-PWY: L-histidine biosynthesis|unclassified	901.9520489817
HISTSYN-PWY: L-histidine biosynthesis|g__Blautia.s__Blautia_obeum	231.0433983576
HISTSYN-PWY: L-histidine biosynthesis|g__Collinsella.s__Collinsella_aerofaciens	125.8743999662
HISTSYN-PWY: L-histidine biosynthesis|g__Ruminococcus.s__Ruminococcus_bromii	71.1226717002
HISTSYN-PWY: L-histidine biosynthesis|g__Dorea.s__Dorea_formicigenerans	63.5428953237
HISTSYN-PWY: L-histidine biosynthesis|g__Roseburia.s__Roseburia_hominis	47.3102648911
HISTSYN-PWY: L-histidine biosynthesis|g__Catenibacterium.s__Catenibacterium_mitsuokai	37.7617775426
PYRIDNUCSYN-PWY: NAD de novo biosynthesis I (from aspartate)	2349.8157053431
PYRIDNUCSYN-PWY: NAD de novo biosynthesis I (from aspartate)|unclassified	893.5209364214
PYRIDNUCSYN-PWY: NAD de novo biosynthesis I (from aspartate)|g__Anaerostipes.s__Anaerostipes_hadrus	128.1165268258
PYRIDNUCSYN-PWY: NAD de novo biosynthesis I (from aspartate)|g__Dorea.s__Dorea_longicatena	117.2028605072
PYRIDNUCSYN-PWY: NAD de novo biosynthesis I (from aspartate)|g__Blautia.s__Blautia_obeum	104.5961990902
RIBOSYN2-PWY: flavin biosynthesis I (bacteria and plants)	2106.9265193986
RIBOSYN2-PWY: flavin biosynthesis I (bacteria and plants)|unclassified	562.1030541235
RIBOSYN2-PWY: flavin biosynthesis I (bacteria and plants)|g__Blautia.s__Blautia_obeum	411.4616399353
RIBOSYN2-PWY: flavin biosynthesis I (bacteria and plants)|g__Blautia.s__Blautia_wexlerae	223.5205752855
RIBOSYN2-PWY: flavin biosynthesis I (bacteria and plants)|g__Anaerostipes.s__Anaerostipes_hadrus	120.3853373991
RIBOSYN2-PWY: flavin biosynthesis I (bacteria and plants)|g__Dorea.s__Dorea_longicatena	103.8636533413
RIBOSYN2-PWY: flavin biosynthesis I (bacteria and plants)|g__Dorea.s__Dorea_formicigenerans	72.3336013474
PWY-5695: inosine 5'-phosphate degradation	2040.5490227133
PWY-5695: inosine 5'-phosphate degradation|unclassified	761.1256798193
PWY-5695: inosine 5'-phosphate degradation|g__Blautia.s__Blautia_wexlerae	234.6629301127
PWY-5695: inosine 5'-phosphate degradation|g__Blautia.s__Blautia_obeum	215.9862843030
PWY-5695: inosine 5'-phosphate degradation|g__Dorea.s__Dorea_longicatena	158.1395475082
PWY-5695: inosine 5'-phosphate degradation|g__Anaerostipes.s__Anaerostipes_hadrus	154.1226079489
PWY-5695: inosine 5'-phosphate degradation|g__Ruminococcus.s__Ruminococcus_sp_AF31_8BH	60.6004046736
PWY-5695: inosine 5'-phosphate degradation|g__Intestinibacter.s__Intestinibacter_bartlettii	10.6026893949
METH-ACETATE-PWY: methanogenesis from acetate	2014.9313923286
METH-ACETATE-PWY: methanogenesis from acetate|g__Blautia.s__Blautia_obeum	498.6979606883
METH-ACETATE-PWY: methanogenesis from acetate|unclassified	422.0750446111
METH-ACETATE-PWY: methanogenesis from acetate|g__Blautia.s__Blautia_wexlerae	317.0897276677
METH-ACETATE-PWY: methanogenesis from acetate|g__Ruminococcus.s__Ruminococcus_sp_AF31_8BH	115.6106431716
PWY-6897: thiamine diphosphate salvage II	1933.3032763826
PWY-6897: thiamine diphosphate salvage II|unclassified	798.6177461846
PWY-6897: thiamine diphosphate salvage II|g__Blautia.s__Blautia_obeum	23.7406081197
PWY-7400: L-arginine biosynthesis IV (archaebacteria)	1868.5985050495
PWY-7400: L-arginine biosynthesis IV (archaebacteria)|unclassified	911.5446378483
PWY-7400: L-arginine biosynthesis IV (archaebacteria)|g__Dorea.s__Dorea_formicigenerans	112.3115393379
THISYNARA-PWY: superpathway of thiamine diphosphate biosynthesis III (eukaryotes)	1864.9776216111
THISYNARA-PWY: superpathway of thiamine diphosphate biosynthesis III (eukaryotes)|unclassified	765.0918638325
THISYNARA-PWY: superpathway of thiamine diphosphate biosynthesis III (eukaryotes)|g__Holdemanella.s__Holdemanella_biformis	266.6449449364
THISYNARA-PWY: superpathway of thiamine diphosphate biosynthesis III (eukaryotes)|g__Blautia.s__Blautia_obeum	27.8028177744
THISYNARA-PWY: superpathway of thiamine diphosphate biosynthesis III (eukaryotes)|g__Roseburia.s__Roseburia_hominis	15.5660235337
COBALSYN-PWY: superpathway of adenosylcobalamin salvage from cobinamide I	1762.7469255552
COBALSYN-PWY: superpathway of adenosylcobalamin salvage from cobinamide I|unclassified	614.9893492252
COBALSYN-PWY: superpathway of adenosylcobalamin salvage from cobinamide I|g__Blautia.s__Blautia_obeum	252.2724552688
COBALSYN-PWY: superpathway of adenosylcobalamin salvage from cobinamide I|g__Dorea.s__Dorea_longicatena	244.9913402016
COBALSYN-PWY: superpathway of adenosylcobalamin salvage from cobinamide I|g__Blautia.s__Blautia_wexlerae	209.6681409848
COBALSYN-PWY: superpathway of adenosylcobalamin salvage from cobinamide I|g__Gordonibacter.s__Gordonibacter_pamelaeae	64.8381969096
COBALSYN-PWY: superpathway of adenosylcobalamin salvage from cobinamide I|g__Collinsella.s__Collinsella_aerofaciens	25.4962786590
PWY-6630: superpathway of L-tyrosine biosynthesis	1718.8643450028
PWY-6630: superpathway of L-tyrosine biosynthesis|unclassified	98.7809779633
PWY-6731: starch degradation III	1666.4626880409
PWY-6731: starch degradation III|unclassified	804.4816350873
PWY-6731: starch degradation III|g__Blautia.s__Blautia_obeum	384.7426537621
PWY-6731: starch degradation III|g__Blautia.s__Blautia_wexlerae	257.6065500086
PWY-5188: tetrapyrrole biosynthesis I (from glutamate)	1600.7227215579
PWY-5188: tetrapyrrole biosynthesis I (from glutamate)|unclassified	639.3781278892
PWY-5188: tetrapyrrole biosynthesis I (from glutamate)|g__Blautia.s__Blautia_obeum	234.7929215731
PWY-5188: tetrapyrrole biosynthesis I (from glutamate)|g__Blautia.s__Blautia_wexlerae	224.4794607445
PWY-5188: tetrapyrrole biosynthesis I (from glutamate)|g__Ruminococcus.s__Ruminococcus_bromii	102.1081024680
PWY-5188: tetrapyrrole biosynthesis I (from glutamate)|g__Anaerostipes.s__Anaerostipes_hadrus	98.5111694382
PWY-5188: tetrapyrrole biosynthesis I (from glutamate)|g__Firmicutes_unclassified.s__Firmicutes_bacterium_AM10_47	50.5608291052
ASPASN-PWY: superpathway of L-aspartate and L-asparagine biosynthesis	1586.2985942813
ASPASN-PWY: superpathway of L-aspartate and L-asparagine biosynthesis|unclassified	599.9346863430
ASPASN-PWY: superpathway of L-aspartate and L-asparagine biosynthesis|g__Blautia.s__Blautia_obeum	283.6381978834
ASPASN-PWY: superpathway of L-aspartate and L-asparagine biosynthesis|g__Blautia.s__Blautia_wexlerae	155.3744495049
ASPASN-PWY: superpathway of L-aspartate and L-asparagine biosynthesis|g__Ruminococcus.s__Ruminococcus_sp_AF31_8BH	56.8546042104
OANTIGEN-PWY: O-antigen building blocks biosynthesis (E. coli)	1506.6112534175
OANTIGEN-PWY: O-antigen building blocks biosynthesis (E. coli)|unclassified	448.6956597864
OANTIGEN-PWY: O-antigen building blocks biosynthesis (E. coli)|g__Collinsella.s__Collinsella_aerofaciens	143.6107242389
OANTIGEN-PWY: O-antigen building blocks biosynthesis (E. coli)|g__Roseburia.s__Roseburia_hominis	20.6222338117
OANTIGEN-PWY: O-antigen building blocks biosynthesis (E. coli)|g__Eggerthella.s__Eggerthella_lenta	10.9908674381
PWY-6628: superpathway of L-phenylalanine biosynthesis	1470.0218603661
PWY-6628: superpathway of L-phenylalanine biosynthesis|unclassified	125.0066304745
P164-PWY: purine nucleobases degradation I (anaerobic)	1399.0742570112
P164-PWY: purine nucleobases degradation I (anaerobic)|unclassified	214.6999664307
LACTOSECAT-PWY: lactose and galactose degradation I	1352.9307287158
LACTOSECAT-PWY: lactose and galactose degradation I|g__Collinsella.s__Collinsella_aerofaciens	352.3547403228
LACTOSECAT-PWY: lactose and galactose degradation I|unclassified	258.8402678690
LACTOSECAT-PWY: lactose and galactose degradation I|g__Anaerostipes.s__Anaerostipes_hadrus	151.3250045206
LACTOSECAT-PWY: lactose and galactose degradation I|g__Streptococcus.s__Streptococcus_sp_A12	17.9711067794
LACTOSECAT-PWY: lactose and galactose degradation I|g__Streptococcus.s__Streptococcus_australis	17.2058616430
PWY-6608: guanosine nucleotides degradation III	1311.7110839070
PWY-6608: guanosine nucleotides degradation III|unclassified	567.6188751906
PWY-6608: guanosine nucleotides degradation III|g__Blautia.s__Blautia_obeum	217.7420974152
PWY-6608: guanosine nucleotides degradation III|g__Blautia.s__Blautia_wexlerae	193.0111735948
PWY-6608: guanosine nucleotides degradation III|g__Anaerostipes.s__Anaerostipes_hadrus	154.1226079489
PWY-6608: guanosine nucleotides degradation III|g__Ruminococcus.s__Ruminococcus_sp_AF31_8BH	45.8090186813
PWY-7199: pyrimidine deoxyribonucleosides salvage	1307.4080171294
PWY-7199: pyrimidine deoxyribonucleosides salvage|unclassified	668.0979863901
PWY-7199: pyrimidine deoxyribonucleosides salvage|g__Roseburia.s__Roseburia_hominis	39.1393272362
PWY-7199: pyrimidine deoxyribonucleosides salvage|g__Streptococcus.s__Streptococcus_thermophilus	4.3682255370
PWY-6703: preQ0 biosynthesis	1306.2536779419
PWY-6703: preQ0 biosynthesis|unclassified	558.5263358254
PWY-6703: preQ0 biosynthesis|g__Blautia.s__Blautia_obeum	344.8520666812
PWY-6703: preQ0 biosynthesis|g__Ruminococcus.s__Ruminococcus_lactaris	127.4696143321
PWY-6703: preQ0 biosynthesis|g__Anaerostipes.s__Anaerostipes_hadrus	113.2444612194
PWY-6703: preQ0 biosynthesis|g__Firmicutes_unclassified.s__Firmicutes_bacterium_AM10_47	67.1202408325
PWY-6703: preQ0 biosynthesis|g__Intestinibacter.s__Intestinibacter_bartlettii	7.0204651567
PWY-6703: preQ0 biosynthesis|g__Streptococcus.s__Streptococcus_pneumoniae	4.1857363754
FERMENTATION-PWY: mixed acid fermentation	1299.8370532681
FERMENTATION-PWY: mixed acid fermentation|unclassified	402.5489093562
PWY-5659: GDP-mannose biosynthesis	1284.5547243370
PWY-5659: GDP-mannose biosynthesis|unclassified	495.9296608857
PWY-5659: GDP-mannose biosynthesis|g__Faecalibacterium.s__Faecalibacterium_prausnitzii	20.8100603659
PWY-5659: GDP-mannose biosynthesis|g__Lachnospiraceae_unclassified.s__Eubacterium_rectale	15.7562399968
PWY-5659: GDP-mannose biosynthesis|g__Roseburia.s__Roseburia_hominis	15.5938406845
GLCMANNANAUT-PWY: superpathway of N-acetylglucosamine, N-acetylmannosamine and N-acetylneuraminate degradation	1119.1382517920
GLCMANNANAUT-PWY: superpathway of N-acetylglucosamine, N-acetylmannosamine and N-acetylneuraminate degradation|g__Blautia.s__Blautia_wexlerae	384.2323364062
GLCMANNANAUT-PWY: superpathway of N-acetylglucosamine, N-acetylmannosamine and N-acetylneuraminate degradation|unclassified	139.1278840497
GLCMANNANAUT-PWY: superpathway of N-acetylglucosamine, N-acetylmannosamine and N-acetylneuraminate degradation|g__Blautia.s__Blautia_obeum	133.8216345956
PWY-8187: L-arginine degradation XIII (reductive Stickland reaction)	1101.0248292269
PWY-8187: L-arginine degradation XIII (reductive Stickland reaction)|unclassified	440.7648124699
PWY-8187: L-arginine degradation XIII (reductive Stickland reaction)|g__Collinsella.s__Collinsella_aerofaciens	210.3151017298
PWY-8187: L-arginine degradation XIII (reductive Stickland reaction)|g__Eggerthella.s__Eggerthella_lenta	11.3090966148
PHOSLIPSYN-PWY: superpathway of phospholipid biosynthesis I (bacteria)	1033.5402374573
PHOSLIPSYN-PWY: superpathway of phospholipid biosynthesis I (bacteria)|unclassified	702.7883937135
PWY-2941: L-lysine biosynthesis II	1007.0305450079
PWY-2941: L-lysine biosynthesis II|unclassified	266.5079392067
PWY-2941: L-lysine biosynthesis II|g__Roseburia.s__Roseburia_hominis	45.3656247943
PWY-2941: L-lysine biosynthesis II|g__Catenibacterium.s__Catenibacterium_mitsuokai	36.6484936486
PWY-702: L-methionine biosynthesis II	974.4482064228
PWY-702: L-methionine biosynthesis II|unclassified	325.4827768014
PWY-702: L-methionine biosynthesis II|g__Streptococcus.s__Streptococcus_sp_A12	6.0893502816
PWY-702: L-methionine biosynthesis II|g__Streptococcus.s__Streptococcus_australis	4.5821163257
PWY-1861: formaldehyde assimilation II (assimilatory RuMP Cycle)	971.0505785129
PWY-1861: formaldehyde assimilation II (assimilatory RuMP Cycle)|unclassified	451.3595135624
PWY-1861: formaldehyde assimilation II (assimilatory RuMP Cycle)|g__Anaerostipes.s__Anaerostipes_hadrus	142.9770266797
PWY-1861: formaldehyde assimilation II (assimilatory RuMP Cycle)|g__Blautia.s__Blautia_obeum	84.3361338595
UDPNAGSYN-PWY: UDP-N-acetyl-D-glucosamine biosynthesis I	935.8929297803
UDPNAGSYN-PWY: UDP-N-acetyl-D-glucosamine biosynthesis I|unclassified	264.7359203553
UDPNAGSYN-PWY: UDP-N-acetyl-D-glucosamine biosynthesis I|g__Collinsella.s__Collinsella_aerofaciens	171.1259501291
UDPNAGSYN-PWY: UDP-N-acetyl-D-glucosamine biosynthesis I|g__Roseburia.s__Roseburia_hominis	41.3013663041
UDPNAGSYN-PWY: UDP-N-acetyl-D-glucosamine biosynthesis I|g__Catenibacterium.s__Catenibacterium_mitsuokai	35.1007997161
UDPNAGSYN-PWY: UDP-N-acetyl-D-glucosamine biosynthesis I|g__Intestinibacter.s__Intestinibacter_bartlettii	13.3554597473
UDPNAGSYN-PWY: UDP-N-acetyl-D-glucosamine biosynthesis I|g__Eggerthella.s__Eggerthella_lenta	11.8689327295
UDPNAGSYN-PWY: UDP-N-acetyl-D-glucosamine biosynthesis I|g__Streptococcus.s__Streptococcus_australis	9.0670698982
UDPNAGSYN-PWY: UDP-N-acetyl-D-glucosamine biosynthesis I|g__Streptococcus.s__Streptococcus_pneumoniae	5.3292643397
UDPNAGSYN-PWY: UDP-N-acetyl-D-glucosamine biosynthesis I|g__Streptococcus.s__Streptococcus_sp_A12	3.0795657603
UDPNAGSYN-PWY: UDP-N-acetyl-D-glucosamine biosynthesis I|g__Streptococcus.s__Streptococcus_thermophilus	1.5647310341
PWY-I9: L-cysteine biosynthesis VI (from L-methionine)	929.9613283584
PWY-I9: L-cysteine biosynthesis VI (from L-methionine)|unclassified	396.4331348251
PWY-I9: L-cysteine biosynthesis VI (from L-methionine)|g__Anaerostipes.s__Anaerostipes_hadrus	147.8500501431
PWY-I9: L-cysteine biosynthesis VI (from L-methionine)|g__Ruminococcus.s__Ruminococcus_sp_AF31_8BH	75.5715857286
PWY-I9: L-cysteine biosynthesis VI (from L-methionine)|g__Blautia.s__Blautia_obeum	21.0915569762
PWY-I9: L-cysteine biosynthesis VI (from L-methionine)|g__Streptococcus.s__Streptococcus_thermophilus	3.8148762680
PWY-I9: L-cysteine biosynthesis VI (from L-methionine)|g__Streptococcus.s__Streptococcus_pneumoniae	3.7795428821
COLANSYN-PWY: colanic acid building blocks biosynthesis	916.8870763991
COLANSYN-PWY: colanic acid building blocks biosynthesis|unclassified	470.5901502736
PWY-7208: superpathway of pyrimidine nucleobases salvage	891.7523610293
PWY-7208: superpathway of pyrimidine nucleobases salvage|g__Blautia.s__Blautia_obeum	264.3801736654
PWY-7208: superpathway of pyrimidine nucleobases salvage|unclassified	93.1658011625
PWY-7208: superpathway of pyrimidine nucleobases salvage|g__Collinsella.s__Collinsella_aerofaciens	72.8713899564
PWY-7208: superpathway of pyrimidine nucleobases salvage|g__Streptococcus.s__Streptococcus_salivarius	2.8965684636
PWY-6353: purine nucleotides degradation II (aerobic)	825.0664681515
PWY-6353: purine nucleotides degradation II (aerobic)|unclassified	379.9187781600
PWY-6353: purine nucleotides degradation II (aerobic)|g__Blautia.s__Blautia_obeum	18.3934042627
PWY-7328: superpathway of UDP-glucose-derived O-antigen building blocks biosynthesis	789.8009285393
PWY-7328: superpathway of UDP-glucose-derived O-antigen building blocks biosynthesis|unclassified	423.7038395431
PWY-7315: dTDP-N-acetylthomosamine biosynthesis	760.9828580388
PWY-7315: dTDP-N-acetylthomosamine biosynthesis|unclassified	620.2157520469
PWY-7315: dTDP-N-acetylthomosamine biosynthesis|g__Lachnospiraceae_unclassified.s__Eubacterium_rectale	3.4431053070
PWY-5676: acetyl-CoA fermentation to butanoate II	725.3493181338
PWY-5676: acetyl-CoA fermentation to butanoate II|g__Anaerostipes.s__Anaerostipes_hadrus	179.5915181551
PWY-5676: acetyl-CoA fermentation to butanoate II|unclassified	67.7443825734
PWY0-1586: peptidoglycan maturation (meso-diaminopimelate containing)	702.1032654607
PWY0-1586: peptidoglycan maturation (meso-diaminopimelate containing)|unclassified	376.5456602559
PWY0-1586: peptidoglycan maturation (meso-diaminopimelate containing)|g__Anaerostipes.s__Anaerostipes_hadrus	225.4933024275
PWY0-1586: peptidoglycan maturation (meso-diaminopimelate containing)|g__Collinsella.s__Collinsella_aerofaciens	75.0896304953
PWY0-1586: peptidoglycan maturation (meso-diaminopimelate containing)|g__Ruminococcus.s__Ruminococcus_sp_AF31_8BH	63.4370456562
PWY0-1586: peptidoglycan maturation (meso-diaminopimelate containing)|g__Eggerthella.s__Eggerthella_lenta	21.0319931718
PWY0-1586: peptidoglycan maturation (meso-diaminopimelate containing)|g__Roseburia.s__Roseburia_hominis	17.5460230608
PWY0-1586: peptidoglycan maturation (meso-diaminopimelate containing)|g__Streptococcus.s__Streptococcus_australis	8.9256754613
PWY0-1586: peptidoglycan maturation (meso-diaminopimelate containing)|g__Streptococcus.s__Streptococcus_sp_A12	8.6429660153
PWY0-1586: peptidoglycan maturation (meso-diaminopimelate containing)|g__Lachnospiraceae_unclassified.s__Eubacterium_rectale	8.0168869375
PWY4FS-7: phosphatidylglycerol biosynthesis I (plastidic)	696.8490024555
PWY4FS-7: phosphatidylglycerol biosynthesis I (plastidic)|unclassified	551.1178980894
PWY4FS-8: phosphatidylglycerol biosynthesis II (non-plastidic)	696.8490024555
PWY4FS-8: phosphatidylglycerol biosynthesis II (non-plastidic)|unclassified	551.1178980894
GLUCONEO-PWY: gluconeogenesis I	663.9805878216
GLUCONEO-PWY: gluconeogenesis I|unclassified	148.4760909141
PWY-841: superpathway of purine nucleotides de novo biosynthesis I	609.9254572469
PWY-841: superpathway of purine nucleotides de novo biosynthesis I|unclassified	60.4248835177
PWY-7229: superpathway of adenosine nucleotides de novo biosynthesis I	609.8624180675
PWY-7229: superpathway of adenosine nucleotides de novo biosynthesis I|unclassified	57.0332225534
GOLPDLCAT-PWY: superpathway of glycerol degradation to 1,3-propanediol	604.4097633982
GOLPDLCAT-PWY: superpathway of glycerol degradation to 1,3-propanediol|unclassified	354.8897729479
GOLPDLCAT-PWY: superpathway of glycerol degradation to 1,3-propanediol|g__Anaerostipes.s__Anaerostipes_hadrus	116.6255101354
P461-PWY: hexitol fermentation to lactate, formate, ethanol and acetate	603.9153048418
P461-PWY: hexitol fermentation to lactate, formate, ethanol and acetate|g__Anaerostipes.s__Anaerostipes_hadrus	230.8576829936
P461-PWY: hexitol fermentation to lactate, formate, ethanol and acetate|unclassified	176.8022822053
PWY66-409: superpathway of purine nucleotide salvage	584.3542264690
PWY66-409: superpathway of purine nucleotide salvage|unclassified	55.6600685962
PWY0-1297: superpathway of purine deoxyribonucleosides degradation	576.1269540557
PWY0-1297: superpathway of purine deoxyribonucleosides degradation|unclassified	178.1614941805
PWY0-162: superpathway of pyrimidine ribonucleotides de novo biosynthesis	574.0364740938
PWY0-162: superpathway of pyrimidine ribonucleotides de novo biosynthesis|unclassified	44.2381867543
PWY0-1479: tRNA processing	557.7030942450
PWY0-1479: tRNA processing|unclassified	338.6521451195
PWY-7761: NAD salvage pathway II (PNC IV cycle)	557.1260096865
PWY-7761: NAD salvage pathway II (PNC IV cycle)|unclassified	372.0148893383
PPGPPMET-PWY: ppGpp metabolism	550.7765628527
PPGPPMET-PWY: ppGpp metabolism|unclassified	38.9008493752
PWY-6606: guanosine nucleotides degradation II	512.7270526981
PWY-6606: guanosine nucleotides degradation II|unclassified	243.1367692385
PWY-6606: guanosine nucleotides degradation II|g__Blautia.s__Blautia_obeum	26.7762442259
SALVADEHYPOX-PWY: adenosine nucleotides degradation II	496.9326168078
SALVADEHYPOX-PWY: adenosine nucleotides degradation II|unclassified	240.2792834074
SALVADEHYPOX-PWY: adenosine nucleotides degradation II|g__Anaerostipes.s__Anaerostipes_hadrus	155.6219559853
SALVADEHYPOX-PWY: adenosine nucleotides degradation II|g__Blautia.s__Blautia_obeum	8.7079066789
DAPLYSINESYN-PWY: L-lysine biosynthesis I	491.4291430693
DAPLYSINESYN-PWY: L-lysine biosynthesis I|unclassified	177.4798893853
PWY-4041: &gamma;-glutamyl cycle	481.4442365774
PWY-4041: &gamma;-glutamyl cycle|unclassified	238.0679006796
PWY-4041: &gamma;-glutamyl cycle|g__Streptococcus.s__Streptococcus_australis	6.7388658314
PWY-4041: &gamma;-glutamyl cycle|g__Streptococcus.s__Streptococcus_sp_A12	4.1455954467
PWY-4041: &gamma;-glutamyl cycle|g__Streptococcus.s__Streptococcus_pneumoniae	4.0597480132
PWY-4041: &gamma;-glutamyl cycle|g__Streptococcus.s__Streptococcus_thermophilus	1.8998765080
PWY-6126: superpathway of adenosine nucleotides de novo biosynthesis II	439.4266425561
PWY-6126: superpathway of adenosine nucleotides de novo biosynthesis II|unclassified	36.0454938128
PWY-7013: (S)-propane-1,2-diol degradation	421.0848036778
PWY-7013: (S)-propane-1,2-diol degradation|unclassified	344.3314607832
FUCCAT-PWY: fucose degradation	385.8299305631
FUCCAT-PWY: fucose degradation|g__Ruminococcus.s__Ruminococcus_sp_AF31_8BH	96.5456892964
FUCCAT-PWY: fucose degradation|unclassified	78.9762503072
PWY-7228: superpathway of guanosine nucleotides de novo biosynthesis I	379.3327244647
PWY-7228: superpathway of guanosine nucleotides de novo biosynthesis I|g__Collinsella.s__Collinsella_aerofaciens	101.4830769434
PWY-7228: superpathway of guanosine nucleotides de novo biosynthesis I|unclassified	30.9756482612
PWY-7228: superpathway of guanosine nucleotides de novo biosynthesis I|g__Streptococcus.s__Streptococcus_salivarius	8.1607477360
PWY-5154: L-arginine biosynthesis III (via N-acetyl-L-citrulline)	377.8435567857
PWY-5154: L-arginine biosynthesis III (via N-acetyl-L-citrulline)|unclassified	250.6460667321
PWY-5154: L-arginine biosynthesis III (via N-acetyl-L-citrulline)|g__Dorea.s__Dorea_formicigenerans	75.9413556928
PWY1ZNC-1: assimilatory sulfate reduction IV	371.9008108308
PWY1ZNC-1: assimilatory sulfate reduction IV|unclassified	113.1671695951
PWY-7323: superpathway of GDP-mannose-derived O-antigen building blocks biosynthesis	336.6546755400
PWY-7323: superpathway of GDP-mannose-derived O-antigen building blocks biosynthesis|unclassified	236.5766375545
PWY-6125: superpathway of guanosine nucleotides de novo biosynthesis II	319.5061289207
PWY-6125: superpathway of guanosine nucleotides de novo biosynthesis II|unclassified	24.7614291460
PWY-5384: sucrose degradation IV (sucrose phosphorylase)	314.9921249219
PWY-5384: sucrose degradation IV (sucrose phosphorylase)|g__Anaerostipes.s__Anaerostipes_hadrus	178.0075492509
PWY-5384: sucrose degradation IV (sucrose phosphorylase)|unclassified	95.4166212623
P185-PWY: formaldehyde assimilation III (dihydroxyacetone cycle)	312.1231884581
P185-PWY: formaldehyde assimilation III (dihydroxyacetone cycle)|unclassified	147.1508608837
PWY-5265: peptidoglycan biosynthesis II (staphylococci)	305.9105977589
PWY-5265: peptidoglycan biosynthesis II (staphylococci)|unclassified	168.3465680527
PWY-621: sucrose degradation III (sucrose invertase)	303.9621815284
PWY-621: sucrose degradation III (sucrose invertase)|g__Anaerostipes.s__Anaerostipes_hadrus	190.4840301374
PWY-5121: superpathway of geranylgeranyl diphosphate biosynthesis II (via MEP)	291.4497687533
PWY-5121: superpathway of geranylgeranyl diphosphate biosynthesis II (via MEP)|unclassified	221.9876688940
PWY-5345: superpathway of L-methionine biosynthesis (by sulfhydrylation)	266.5584866453
PWY-5345: superpathway of L-methionine biosynthesis (by sulfhydrylation)|unclassified	204.5584257100
PWY-6902: chitin degradation II (Vibrio)	243.9331330319
PWY-6902: chitin degradation II (Vibrio)|unclassified	219.8911313160
PWY-6470: peptidoglycan biosynthesis V (&beta;-lactam resistance)	229.0349744971
PWY-6470: peptidoglycan biosynthesis V (&beta;-lactam resistance)|unclassified	142.4826355472
SULFATE-CYS-PWY: superpathway of sulfate assimilation and cysteine biosynthesis	223.8165740018
SULFATE-CYS-PWY: superpathway of sulfate assimilation and cysteine biosynthesis|unclassified	174.3066988731
PWY-7197: pyrimidine deoxyribonucleotide phosphorylation	211.2846695419
PWY-7197: pyrimidine deoxyribonucleotide phosphorylation|g__Collinsella.s__Collinsella_aerofaciens	132.0348246414
PWY-7197: pyrimidine deoxyribonucleotide phosphorylation|unclassified	14.7613034059
RHAMCAT-PWY: L-rhamnose degradation I	201.4725095713
RHAMCAT-PWY: L-rhamnose degradation I|unclassified	116.7127366411
RHAMCAT-PWY: L-rhamnose degradation I|g__Blautia.s__Blautia_obeum	23.3227174292
RHAMCAT-PWY: L-rhamnose degradation I|g__Roseburia.s__Roseburia_hominis	8.2269746316
PWY-7220: adenosine deoxyribonucleotides de novo biosynthesis II	199.2043038646
PWY-7220: adenosine deoxyribonucleotides de novo biosynthesis II|unclassified	15.6957151826
PWY-7220: adenosine deoxyribonucleotides de novo biosynthesis II|g__Streptococcus.s__Streptococcus_salivarius	11.8814074483
PWY-7220: adenosine deoxyribonucleotides de novo biosynthesis II|g__Streptococcus.s__Streptococcus_pneumoniae	8.4948726746
PWY-7222: guanosine deoxyribonucleotides de novo biosynthesis II	199.2043038646
PWY-7222: guanosine deoxyribonucleotides de novo biosynthesis II|unclassified	15.6957151826
PWY-7222: guanosine deoxyribonucleotides de novo biosynthesis II|g__Streptococcus.s__Streptococcus_salivarius	11.8814074483
PWY-7222: guanosine deoxyribonucleotides de novo biosynthesis II|g__Streptococcus.s__Streptococcus_pneumoniae	8.4948726746
PWY-8131: 5'-deoxyadenosine degradation II	197.4925194070
PWY-8131: 5'-deoxyadenosine degradation II|unclassified	102.8057946773
PWY0-1477: ethanolamine utilization	197.2904991438
PWY0-1477: ethanolamine utilization|unclassified	140.6793207336
PWY0-1477: ethanolamine utilization|g__Roseburia.s__Roseburia_hominis	22.7057528242
PWY0-1477: ethanolamine utilization|g__Blautia.s__Blautia_obeum	18.0127351424
GALACTARDEG-PWY: D-galactarate degradation I	178.7965648208
GLUCARGALACTSUPER-PWY: superpathway of D-glucarate and D-galactarate degradation	178.7965648208
PWY0-1298: superpathway of pyrimidine deoxyribonucleosides degradation	176.2783855529
PWY0-1298: superpathway of pyrimidine deoxyribonucleosides degradation|unclassified	81.5394227360
PWY-6590: superpathway of Clostridium acetobutylicum acidogenic fermentation	172.3751934695
PWY-6549: L-glutamine biosynthesis III	169.9172323834
PWY-6549: L-glutamine biosynthesis III|unclassified	29.6121111763
PWY-6292: superpathway of L-cysteine biosynthesis (mammalian)	165.3660026891
PWY-6292: superpathway of L-cysteine biosynthesis (mammalian)|unclassified	71.3906207416
PENTOSE-P-PWY: pentose phosphate pathway	165.2568545091
PENTOSE-P-PWY: pentose phosphate pathway|unclassified	66.5951521499
PWY-7383: anaerobic energy metabolism (invertebrates, cytosol)	143.2785257189
PWY-7383: anaerobic energy metabolism (invertebrates, cytosol)|unclassified	30.3830442496
PWY-821: superpathway of sulfur amino acid biosynthesis (Saccharomyces cerevisiae)	142.4656352899
PWY-821: superpathway of sulfur amino acid biosynthesis (Saccharomyces cerevisiae)|unclassified	115.9562923290
PWY-6901: superpathway of glucose and xylose degradation	131.2498221272
PWY-6901: superpathway of glucose and xylose degradation|unclassified	93.6844376371
CENTFERM-PWY: pyruvate fermentation to butanoate	131.0232740406
MET-SAM-PWY: superpathway of S-adenosyl-L-methionine biosynthesis	127.3266555451
MET-SAM-PWY: superpathway of S-adenosyl-L-methionine biosynthesis|unclassified	92.0984047820
PWY-5347: superpathway of L-methionine biosynthesis (transsulfuration)	126.1732861334
PWY-5347: superpathway of L-methionine biosynthesis (transsulfuration)|unclassified	91.6825235200
PWY-7234: inosine-5'-phosphate biosynthesis III	123.1622124762
PWY-7234: inosine-5'-phosphate biosynthesis III|unclassified	45.3332109739
PWY-7234: inosine-5'-phosphate biosynthesis III|g__Streptococcus.s__Streptococcus_vestibularis	1.6147264317
P441-PWY: superpathway of N-acetylneuraminate degradation	122.1669601599
METSYN-PWY: superpathway of L-homoserine and L-methionine biosynthesis	111.8159149782
METSYN-PWY: superpathway of L-homoserine and L-methionine biosynthesis|unclassified	82.4193799491
SO4ASSIM-PWY: assimilatory sulfate reduction I	103.9236049445
SO4ASSIM-PWY: assimilatory sulfate reduction I|unclassified	87.9014542957
GLYCOLYSIS: glycolysis I (from glucose 6-phosphate)	103.1902319769
HISDEG-PWY: L-histidine degradation I	100.2957842079
HISDEG-PWY: L-histidine degradation I|g__Firmicutes_unclassified.s__Firmicutes_bacterium_AM10_47	67.2957889364
HISDEG-PWY: L-histidine degradation I|g__Intestinibacter.s__Intestinibacter_bartlettii	10.4154467639
HISDEG-PWY: L-histidine degradation I|g__Streptococcus.s__Streptococcus_australis	8.5319572001
HISDEG-PWY: L-histidine degradation I|unclassified	7.4689317761
PWY4LZ-257: superpathway of fermentation (Chlamydomonas reinhardtii)	96.3768105095
PWY4LZ-257: superpathway of fermentation (Chlamydomonas reinhardtii)|unclassified	90.8356419232
PWY-7356: thiamine diphosphate salvage IV (yeast)	96.2556254709
PWY-7356: thiamine diphosphate salvage IV (yeast)|unclassified	50.7224187888
PWY-7117: C4 photosynthetic carbon assimilation cycle, PEPCK type	83.9146054160
PWY-5189: tetrapyrrole biosynthesis II (from glycine)	79.0485176111
PWY-5189: tetrapyrrole biosynthesis II (from glycine)|unclassified	52.1460196737
PWY-5189: tetrapyrrole biosynthesis II (from glycine)|g__Blautia.s__Blautia_obeum	25.3633636919
PWY-5973: cis-vaccenate biosynthesis	78.3458107705
PWY-5973: cis-vaccenate biosynthesis|unclassified	76.7267763071
P161-PWY: acetylene degradation (anaerobic)	78.1747464117
P161-PWY: acetylene degradation (anaerobic)|unclassified	75.0682297886
PWY66-399: gluconeogenesis III	74.5239369158
PWY-241: C4 photosynthetic carbon assimilation cycle, NADP-ME type	74.2197095437
ANAEROFRUCAT-PWY: homolactic fermentation	72.3353253427
HOMOSER-METSYN-PWY: L-methionine biosynthesis I	64.7892061455
HOMOSER-METSYN-PWY: L-methionine biosynthesis I|unclassified	48.7964168252
PWY-5367: petroselinate biosynthesis	62.9993821902
PWY-5367: petroselinate biosynthesis|unclassified	62.2378710951
PWY-5913: partial TCA cycle (obligate autotrophs)	61.9593873714
PWY-6969: TCA cycle V (2-oxoglutarate synthase)	57.3561029253
PWY-6969: TCA cycle V (2-oxoglutarate synthase)|unclassified	11.9794368239
PWY-5005: biotin biosynthesis II	55.1845977825
PWY-5005: biotin biosynthesis II|unclassified	54.0363161681
HEMESYN2-PWY: heme b biosynthesis II (oxygen-independent)	55.1395812714
HEMESYN2-PWY: heme b biosynthesis II (oxygen-independent)|unclassified	43.3843834638
PWY-7282: 4-amino-2-methyl-5-diphosphomethylpyrimidine biosynthesis II	54.9220168726
PWY-5484: glycolysis II (from fructose 6-phosphate)	54.6369530658
PWY-7198: pyrimidine deoxyribonucleotides de novo biosynthesis IV	49.7140900902
PWY-7198: pyrimidine deoxyribonucleotides de novo biosynthesis IV|unclassified	20.1448504868
PWY-5030: L-histidine degradation III	45.8119233160
FUC-RHAMCAT-PWY: superpathway of fucose and rhamnose degradation	42.7774252918
FUC-RHAMCAT-PWY: superpathway of fucose and rhamnose degradation|unclassified	34.6492926623
P105-PWY: TCA cycle IV (2-oxoglutarate decarboxylase)	41.2185588121
P105-PWY: TCA cycle IV (2-oxoglutarate decarboxylase)|unclassified	11.5088879152
PWY-5989: stearate biosynthesis II (bacteria and plants)	34.4041478513
PWY-5989: stearate biosynthesis II (bacteria and plants)|unclassified	34.1482323500
PWY-7663: gondoate biosynthesis (anaerobic)	28.0776055189
PWY-7663: gondoate biosynthesis (anaerobic)|unclassified	27.8861486695
PWY-6595: superpathway of guanosine nucleotides degradation (plants)	28.0309343522
PWY-6595: superpathway of guanosine nucleotides degradation (plants)|g__Blautia.s__Blautia_obeum	11.3957727790
PWY-6607: guanosine nucleotides degradation I	27.9233980887
PWY-6607: guanosine nucleotides degradation I|g__Blautia.s__Blautia_obeum	8.8221401789
PWY-5981: CDP-diacylglycerol biosynthesis III	26.8740920736
PWY-6588: pyruvate fermentation to acetone	26.8083735181
PWY-6588: pyruvate fermentation to acetone|unclassified	25.8140033632
GLUCUROCAT-PWY: superpathway of &beta;-D-glucuronosides degradation	26.4338604529
GLUCUROCAT-PWY: superpathway of &beta;-D-glucuronosides degradation|unclassified	21.2919439118
PYRIDNUCSAL-PWY: NAD salvage pathway I (PNC VI cycle)	25.5077446755
P42-PWY: incomplete reductive TCA cycle	24.5721327159
PWY-1269: CMP-3-deoxy-D-manno-octulosonate biosynthesis	23.9469650273
PWY-1269: CMP-3-deoxy-D-manno-octulosonate biosynthesis|unclassified	23.9469650273
PWY-6507: 4-deoxy-L-threo-hex-4-enopyranuronate degradation	23.2444444879
PWY-6507: 4-deoxy-L-threo-hex-4-enopyranuronate degradation|unclassified	16.4459508139
PWY-8004: Entner-Doudoroff pathway I	22.4954104682
GALACTUROCAT-PWY: D-galacturonate degradation I	22.3019143945
GALACTUROCAT-PWY: D-galacturonate degradation I|unclassified	17.9747671224
PWY3O-4107: NAD salvage pathway V (PNC V cycle)	18.5178842931
PWY-7242: D-fructuronate degradation	17.8831774151
PWY-7242: D-fructuronate degradation|unclassified	14.3931225972
RUMP-PWY: formaldehyde oxidation I	17.4742737948
PWY-6284: superpathway of unsaturated fatty acids biosynthesis (E. coli)	16.8915395044
PWY-6284: superpathway of unsaturated fatty acids biosynthesis (E. coli)|unclassified	16.8226195985
P125-PWY: superpathway of (R,R)-butanediol biosynthesis	16.7690250729
BIOTIN-BIOSYNTHESIS-PWY: biotin biosynthesis I	16.3354109813
BIOTIN-BIOSYNTHESIS-PWY: biotin biosynthesis I|unclassified	16.1713430277
PWY-5971: palmitate biosynthesis (type II fatty acid synthase)	16.2572689795
PWY-5971: palmitate biosynthesis (type II fatty acid synthase)|unclassified	16.1894190291
PWY-5690: TCA cycle II (plants and fungi)	15.3725052647
PWY-5690: TCA cycle II (plants and fungi)|unclassified	9.0665032118
PWY-6282: palmitoleate biosynthesis I (from (5Z)-dodec-5-enoate)	15.2101982192
PWY-6282: palmitoleate biosynthesis I (from (5Z)-dodec-5-enoate)|unclassified	15.1600787905
PWY-922: mevalonate pathway I (eukaryotes and bacteria)	15.1831035268
FASYN-ELONG-PWY: fatty acid elongation -- saturated	14.2810511351
FASYN-ELONG-PWY: fatty acid elongation -- saturated|unclassified	14.2313543029
PWY-6519: 8-amino-7-oxononanoate biosynthesis I	13.8610767588
PWY-6519: 8-amino-7-oxononanoate biosynthesis I|unclassified	13.7853497454
PWY-7664: oleate biosynthesis IV (anaerobic)	13.3432744930
PWY-7664: oleate biosynthesis IV (anaerobic)|unclassified	13.2988598667
PWY0-862: (5Z)-dodecenoate biosynthesis I	12.2690639652
PWY0-862: (5Z)-dodecenoate biosynthesis I|unclassified	12.2303520281
P621-PWY: nylon-6 oligomer degradation	10.6538921387
PWY-5136: fatty acid &beta;-oxidation II (plant peroxisome)	10.4012167325
PWY-5136: fatty acid &beta;-oxidation II (plant peroxisome)|unclassified	6.3973793532
GALACTITOLCAT-PWY: galactitol degradation	9.2408448075
GALACTITOLCAT-PWY: galactitol degradation|unclassified	9.2007057844