# Pathway	merged_CMG-15116298Week-24_S207_L001__kneaddata_paired_Coverage
UNMAPPED	1.0000000000
UNINTEGRATED	1.0000000000
UNINTEGRATED|g__Actinomyces.s__Actinomyces_sp_HMSC035G02	1.0000000000
UNINTEGRATED|g__Actinomyces.s__Actinomyces_sp_HPA0247	1.0000000000
UNINTEGRATED|g__Actinomyces.s__Actinomyces_sp_ICM47	1.0000000000
UNINTEGRATED|g__Agathobaculum.s__Agathobaculum_butyriciproducens	1.0000000000
UNINTEGRATED|g__Anaerostipes.s__Anaerostipes_hadrus	1.0000000000
UNINTEGRATED|g__Bacteroides.s__Bacteroides_caccae	1.0000000000
UNINTEGRATED|g__Bacteroides.s__Bacteroides_stercoris	1.0000000000
UNINTEGRATED|g__Bacteroides.s__Bacteroides_thetaiotaomicron	1.0000000000
UNINTEGRATED|g__Bacteroides.s__Bacteroides_vulgatus	1.0000000000
UNINTEGRATED|g__Bacteroides.s__Bacteroides_xylanisolvens	1.0000000000
UNINTEGRATED|g__Bifidobacterium.s__Bifidobacterium_adolescentis	1.0000000000
UNINTEGRATED|g__Bifidobacterium.s__Bifidobacterium_bifidum	1.0000000000
UNINTEGRATED|g__Bifidobacterium.s__Bifidobacterium_breve	1.0000000000
UNINTEGRATED|g__Blautia.s__Blautia_obeum	1.0000000000
UNINTEGRATED|g__Blautia.s__Blautia_producta	1.0000000000
UNINTEGRATED|g__Blautia.s__Blautia_sp_AF19_10LB	1.0000000000
UNINTEGRATED|g__Blautia.s__Blautia_wexlerae	1.0000000000
UNINTEGRATED|g__Catenibacterium.s__Catenibacterium_mitsuokai	1.0000000000
UNINTEGRATED|g__Clostridiales_unclassified.s__Clostridiales_bacterium_KLE1615	1.0000000000
UNINTEGRATED|g__Clostridium.s__Clostridium_disporicum	1.0000000000
UNINTEGRATED|g__Dialister.s__Dialister_invisus	1.0000000000
UNINTEGRATED|g__Eggerthella.s__Eggerthella_lenta	1.0000000000
UNINTEGRATED|g__Erysipelatoclostridium.s__Clostridium_innocuum	1.0000000000
UNINTEGRATED|g__Erysipelatoclostridium.s__Clostridium_spiroforme	1.0000000000
UNINTEGRATED|g__Erysipelatoclostridium.s__Erysipelatoclostridium_ramosum	1.0000000000
UNINTEGRATED|g__Escherichia.s__Escherichia_coli	1.0000000000
UNINTEGRATED|g__Faecalibacterium.s__Faecalibacterium_prausnitzii	1.0000000000
UNINTEGRATED|g__Firmicutes_unclassified.s__Firmicutes_bacterium_AF16_15	1.0000000000
UNINTEGRATED|g__Flavonifractor.s__Flavonifractor_plautii	1.0000000000
UNINTEGRATED|g__Gardnerella.s__Gardnerella_vaginalis	1.0000000000
UNINTEGRATED|g__Gemmiger.s__Gemmiger_formicilis	1.0000000000
UNINTEGRATED|g__Intestinibacter.s__Intestinibacter_bartlettii	1.0000000000
UNINTEGRATED|g__Klebsiella.s__Klebsiella_oxytoca	1.0000000000
UNINTEGRATED|g__Lachnospiraceae_unclassified.s__Eubacterium_rectale	1.0000000000
UNINTEGRATED|g__Peptoniphilus.s__Peptoniphilus_lacrimalis	1.0000000000
UNINTEGRATED|g__Roseburia.s__Roseburia_faecis	1.0000000000
UNINTEGRATED|g__Roseburia.s__Roseburia_hominis	1.0000000000
UNINTEGRATED|g__Roseburia.s__Roseburia_inulinivorans	1.0000000000
UNINTEGRATED|g__Ruminococcus.s__Ruminococcus_bromii	1.0000000000
UNINTEGRATED|g__Ruminococcus.s__Ruminococcus_lactaris	1.0000000000
UNINTEGRATED|g__Ruminococcus.s__Ruminococcus_sp_AF31_8BH	1.0000000000
UNINTEGRATED|g__Ruthenibacterium.s__Ruthenibacterium_lactatiformans	1.0000000000
UNINTEGRATED|g__Sellimonas.s__Sellimonas_intestinalis	1.0000000000
UNINTEGRATED|g__Senegalimassilia.s__Senegalimassilia_anaerobia	1.0000000000
UNINTEGRATED|g__Streptococcus.s__Streptococcus_equinus	1.0000000000
UNINTEGRATED|g__Streptococcus.s__Streptococcus_parasanguinis	1.0000000000
UNINTEGRATED|g__Streptococcus.s__Streptococcus_pneumoniae	1.0000000000
UNINTEGRATED|g__Streptococcus.s__Streptococcus_salivarius	1.0000000000
UNINTEGRATED|g__Streptococcus.s__Streptococcus_vestibularis	1.0000000000
UNINTEGRATED|unclassified	1.0000000000
PWY-7238: sucrose biosynthesis II	1.0000000000
PWY-7238: sucrose biosynthesis II|unclassified	1.0000000000
PWY-7238: sucrose biosynthesis II|g__Bifidobacterium.s__Bifidobacterium_adolescentis	0.9999880591
PWY-7238: sucrose biosynthesis II|g__Lachnospiraceae_unclassified.s__Eubacterium_rectale	1.0000000000
PWY-7238: sucrose biosynthesis II|g__Bifidobacterium.s__Bifidobacterium_bifidum	0.9999998519
PWY-7238: sucrose biosynthesis II|g__Roseburia.s__Roseburia_faecis	0.9999999998
PWY-7238: sucrose biosynthesis II|g__Ruminococcus.s__Ruminococcus_bromii	0.6501630282
PWY-7238: sucrose biosynthesis II|g__Anaerostipes.s__Anaerostipes_hadrus	0.7875042157
PWY-7238: sucrose biosynthesis II|g__Faecalibacterium.s__Faecalibacterium_prausnitzii	1.0000000000
PWY-7238: sucrose biosynthesis II|g__Blautia.s__Blautia_wexlerae	0.9999999843
PWY-7238: sucrose biosynthesis II|g__Catenibacterium.s__Catenibacterium_mitsuokai	0.9994026840
PWY-7238: sucrose biosynthesis II|g__Blautia.s__Blautia_obeum	0.9999997815
PWY-7238: sucrose biosynthesis II|g__Bifidobacterium.s__Bifidobacterium_breve	0.9999999026
PWY-7238: sucrose biosynthesis II|g__Roseburia.s__Roseburia_hominis	0.0199790629
PWY-7238: sucrose biosynthesis II|g__Gemmiger.s__Gemmiger_formicilis	0.7305199183
PWY-7238: sucrose biosynthesis II|g__Blautia.s__Blautia_sp_AF19_10LB	0.6897479974
PWY-7238: sucrose biosynthesis II|g__Sellimonas.s__Sellimonas_intestinalis	0.1547407240
PWY-7238: sucrose biosynthesis II|g__Clostridiales_unclassified.s__Clostridiales_bacterium_KLE1615	0.8052858486
PWY-7238: sucrose biosynthesis II|g__Bacteroides.s__Bacteroides_stercoris	0.7710512355
PWY-7238: sucrose biosynthesis II|g__Erysipelatoclostridium.s__Clostridium_innocuum	0.6609499501
PWY-7238: sucrose biosynthesis II|g__Ruthenibacterium.s__Ruthenibacterium_lactatiformans	0.9653577719
PWY-7238: sucrose biosynthesis II|g__Ruminococcus.s__Ruminococcus_lactaris	0.3131432626
PWY-7238: sucrose biosynthesis II|g__Agathobaculum.s__Agathobaculum_butyriciproducens	0.1011142861
PWY-7238: sucrose biosynthesis II|g__Clostridium.s__Clostridium_disporicum	0.1790426996
PWY-7238: sucrose biosynthesis II|g__Roseburia.s__Roseburia_inulinivorans	0.5662751096
PWY-7238: sucrose biosynthesis II|g__Streptococcus.s__Streptococcus_pneumoniae	0.4673642444
PWY-7238: sucrose biosynthesis II|g__Streptococcus.s__Streptococcus_equinus	0.3844887876
PWY-7238: sucrose biosynthesis II|g__Streptococcus.s__Streptococcus_salivarius	0.0326604441
PWY-7238: sucrose biosynthesis II|g__Actinomyces.s__Actinomyces_sp_HPA0247	0.2499301858
PWY-7238: sucrose biosynthesis II|g__Actinomyces.s__Actinomyces_sp_HMSC035G02	0.0020395675
PWY-5941: glycogen degradation II	1.0000000000
PWY-5941: glycogen degradation II|unclassified	1.0000000000
PWY-5941: glycogen degradation II|g__Bifidobacterium.s__Bifidobacterium_bifidum	0.9999991221
PWY-5941: glycogen degradation II|g__Bifidobacterium.s__Bifidobacterium_adolescentis	0.0000000000
PWY-5941: glycogen degradation II|g__Anaerostipes.s__Anaerostipes_hadrus	0.7946493923
PWY-5941: glycogen degradation II|g__Roseburia.s__Roseburia_faecis	0.8262816062
PWY-5941: glycogen degradation II|g__Blautia.s__Blautia_wexlerae	0.9999956861
PWY-5941: glycogen degradation II|g__Faecalibacterium.s__Faecalibacterium_prausnitzii	0.0007124871
PWY-5941: glycogen degradation II|g__Catenibacterium.s__Catenibacterium_mitsuokai	0.9992578341
PWY-5941: glycogen degradation II|g__Bifidobacterium.s__Bifidobacterium_breve	0.9999999350
PWY-5941: glycogen degradation II|g__Blautia.s__Blautia_obeum	0.9968566893
PWY-5941: glycogen degradation II|g__Roseburia.s__Roseburia_hominis	0.0000003378
PWY-5941: glycogen degradation II|g__Blautia.s__Blautia_sp_AF19_10LB	0.2698550366
PWY-5941: glycogen degradation II|g__Clostridiales_unclassified.s__Clostridiales_bacterium_KLE1615	0.7817623912
PWY-5941: glycogen degradation II|g__Erysipelatoclostridium.s__Clostridium_innocuum	0.7349801327
PWY-5941: glycogen degradation II|g__Ruminococcus.s__Ruminococcus_lactaris	0.3934874725
PWY-5941: glycogen degradation II|g__Clostridium.s__Clostridium_disporicum	0.2121998155
PWY-5941: glycogen degradation II|g__Agathobaculum.s__Agathobaculum_butyriciproducens	0.0998738004
PWY-5941: glycogen degradation II|g__Roseburia.s__Roseburia_inulinivorans	0.5603700473
PWY-5941: glycogen degradation II|g__Streptococcus.s__Streptococcus_pneumoniae	0.5176854310
PWY-5941: glycogen degradation II|g__Streptococcus.s__Streptococcus_salivarius	0.0419193297
PWY-5941: glycogen degradation II|g__Actinomyces.s__Actinomyces_sp_HPA0247	0.2685689468
PWY-5941: glycogen degradation II|g__Actinomyces.s__Actinomyces_sp_HMSC035G02	0.0020400894
PWY-1042: glycolysis IV	1.0000000000
PWY-1042: glycolysis IV|unclassified	0.0671351542
PWY-1042: glycolysis IV|g__Anaerostipes.s__Anaerostipes_hadrus	0.0000020608
PWY-1042: glycolysis IV|g__Lachnospiraceae_unclassified.s__Eubacterium_rectale	0.0104009464
PWY-1042: glycolysis IV|g__Roseburia.s__Roseburia_faecis	0.0029794473
PWY-1042: glycolysis IV|g__Faecalibacterium.s__Faecalibacterium_prausnitzii	0.9404119671
PWY-1042: glycolysis IV|g__Blautia.s__Blautia_wexlerae	0.0000000000
PWY-1042: glycolysis IV|g__Catenibacterium.s__Catenibacterium_mitsuokai	0.5219895361
PWY-1042: glycolysis IV|g__Roseburia.s__Roseburia_hominis	0.0000000646
PWY-1042: glycolysis IV|g__Blautia.s__Blautia_sp_AF19_10LB	0.4250114568
PWY-1042: glycolysis IV|g__Ruminococcus.s__Ruminococcus_lactaris	0.7150346488
PWY-1042: glycolysis IV|g__Eggerthella.s__Eggerthella_lenta	0.2872028991
PWY-1042: glycolysis IV|g__Erysipelatoclostridium.s__Clostridium_innocuum	0.6311409705
PWY-1042: glycolysis IV|g__Agathobaculum.s__Agathobaculum_butyriciproducens	0.4786876944
PWY-1042: glycolysis IV|g__Blautia.s__Blautia_obeum	0.0000000000
PWY-1042: glycolysis IV|g__Erysipelatoclostridium.s__Clostridium_spiroforme	0.3676671834
PWY-1042: glycolysis IV|g__Ruminococcus.s__Ruminococcus_sp_AF31_8BH	0.4924676046
PWY-1042: glycolysis IV|g__Streptococcus.s__Streptococcus_salivarius	0.6865500789
PWY-1042: glycolysis IV|g__Streptococcus.s__Streptococcus_vestibularis	0.6396779363
VALSYN-PWY: L-valine biosynthesis	1.0000000000
VALSYN-PWY: L-valine biosynthesis|unclassified	0.6733128541
VALSYN-PWY: L-valine biosynthesis|g__Bifidobacterium.s__Bifidobacterium_adolescentis	0.9987441558
VALSYN-PWY: L-valine biosynthesis|g__Bifidobacterium.s__Bifidobacterium_bifidum	0.4018688632
VALSYN-PWY: L-valine biosynthesis|g__Lachnospiraceae_unclassified.s__Eubacterium_rectale	0.9336983218
VALSYN-PWY: L-valine biosynthesis|g__Ruminococcus.s__Ruminococcus_bromii	0.1083317595
VALSYN-PWY: L-valine biosynthesis|g__Bifidobacterium.s__Bifidobacterium_breve	1.0000000000
VALSYN-PWY: L-valine biosynthesis|g__Anaerostipes.s__Anaerostipes_hadrus	0.0008978370
VALSYN-PWY: L-valine biosynthesis|g__Roseburia.s__Roseburia_faecis	0.0386404593
VALSYN-PWY: L-valine biosynthesis|g__Blautia.s__Blautia_obeum	0.9936805469
VALSYN-PWY: L-valine biosynthesis|g__Catenibacterium.s__Catenibacterium_mitsuokai	0.3555931475
VALSYN-PWY: L-valine biosynthesis|g__Roseburia.s__Roseburia_hominis	0.1675399737
VALSYN-PWY: L-valine biosynthesis|g__Blautia.s__Blautia_wexlerae	0.0887642276
VALSYN-PWY: L-valine biosynthesis|g__Faecalibacterium.s__Faecalibacterium_prausnitzii	0.0000333111
VALSYN-PWY: L-valine biosynthesis|g__Gemmiger.s__Gemmiger_formicilis	0.6383202069
VALSYN-PWY: L-valine biosynthesis|g__Sellimonas.s__Sellimonas_intestinalis	0.7856137376
VALSYN-PWY: L-valine biosynthesis|g__Blautia.s__Blautia_sp_AF19_10LB	0.4289784605
VALSYN-PWY: L-valine biosynthesis|g__Eggerthella.s__Eggerthella_lenta	0.5538501952
VALSYN-PWY: L-valine biosynthesis|g__Senegalimassilia.s__Senegalimassilia_anaerobia	0.0380544836
VALSYN-PWY: L-valine biosynthesis|g__Clostridiales_unclassified.s__Clostridiales_bacterium_KLE1615	0.0680712299
VALSYN-PWY: L-valine biosynthesis|g__Agathobaculum.s__Agathobaculum_butyriciproducens	0.4344138863
VALSYN-PWY: L-valine biosynthesis|g__Bacteroides.s__Bacteroides_stercoris	0.2532800536
VALSYN-PWY: L-valine biosynthesis|g__Erysipelatoclostridium.s__Clostridium_innocuum	0.1484346074
VALSYN-PWY: L-valine biosynthesis|g__Roseburia.s__Roseburia_inulinivorans	0.8315730295
VALSYN-PWY: L-valine biosynthesis|g__Ruminococcus.s__Ruminococcus_lactaris	0.3857705137
VALSYN-PWY: L-valine biosynthesis|g__Clostridium.s__Clostridium_disporicum	0.3021251763
VALSYN-PWY: L-valine biosynthesis|g__Bacteroides.s__Bacteroides_vulgatus	0.1681856080
VALSYN-PWY: L-valine biosynthesis|g__Erysipelatoclostridium.s__Clostridium_spiroforme	0.5347335114
VALSYN-PWY: L-valine biosynthesis|g__Streptococcus.s__Streptococcus_pneumoniae	0.4937158082
VALSYN-PWY: L-valine biosynthesis|g__Bacteroides.s__Bacteroides_xylanisolvens	0.4516890008
VALSYN-PWY: L-valine biosynthesis|g__Streptococcus.s__Streptococcus_salivarius	0.5069168852
VALSYN-PWY: L-valine biosynthesis|g__Actinomyces.s__Actinomyces_sp_HMSC035G02	0.6639645044
VALSYN-PWY: L-valine biosynthesis|g__Streptococcus.s__Streptococcus_equinus	0.4360034149
VALSYN-PWY: L-valine biosynthesis|g__Bacteroides.s__Bacteroides_caccae	0.1661842534
VALSYN-PWY: L-valine biosynthesis|g__Actinomyces.s__Actinomyces_sp_HPA0247	0.6655312550
VALSYN-PWY: L-valine biosynthesis|g__Streptococcus.s__Streptococcus_vestibularis	0.3005578193
VALSYN-PWY: L-valine biosynthesis|g__Peptoniphilus.s__Peptoniphilus_lacrimalis	0.0569543586
PWY-7221: guanosine ribonucleotides de novo biosynthesis	1.0000000000
PWY-7221: guanosine ribonucleotides de novo biosynthesis|unclassified	0.9999933185
PWY-7221: guanosine ribonucleotides de novo biosynthesis|g__Bifidobacterium.s__Bifidobacterium_bifidum	0.9801536582
PWY-7221: guanosine ribonucleotides de novo biosynthesis|g__Bifidobacterium.s__Bifidobacterium_adolescentis	0.1435151480
PWY-7221: guanosine ribonucleotides de novo biosynthesis|g__Ruminococcus.s__Ruminococcus_bromii	0.0000216064
PWY-7221: guanosine ribonucleotides de novo biosynthesis|g__Lachnospiraceae_unclassified.s__Eubacterium_rectale	0.0352156124
PWY-7221: guanosine ribonucleotides de novo biosynthesis|g__Anaerostipes.s__Anaerostipes_hadrus	0.0024349722
PWY-7221: guanosine ribonucleotides de novo biosynthesis|g__Blautia.s__Blautia_wexlerae	0.9999849372
PWY-7221: guanosine ribonucleotides de novo biosynthesis|g__Roseburia.s__Roseburia_faecis	0.0054088809
PWY-7221: guanosine ribonucleotides de novo biosynthesis|g__Catenibacterium.s__Catenibacterium_mitsuokai	0.9617393686
PWY-7221: guanosine ribonucleotides de novo biosynthesis|g__Faecalibacterium.s__Faecalibacterium_prausnitzii	0.0969876305
PWY-7221: guanosine ribonucleotides de novo biosynthesis|g__Roseburia.s__Roseburia_hominis	0.0000000633
PWY-7221: guanosine ribonucleotides de novo biosynthesis|g__Dialister.s__Dialister_invisus	0.5673460769
PWY-7221: guanosine ribonucleotides de novo biosynthesis|g__Blautia.s__Blautia_sp_AF19_10LB	0.0214999197
PWY-7221: guanosine ribonucleotides de novo biosynthesis|g__Eggerthella.s__Eggerthella_lenta	0.7399658125
PWY-7221: guanosine ribonucleotides de novo biosynthesis|g__Sellimonas.s__Sellimonas_intestinalis	0.0003559145
PWY-7221: guanosine ribonucleotides de novo biosynthesis|g__Erysipelatoclostridium.s__Clostridium_innocuum	0.9036952960
PWY-7221: guanosine ribonucleotides de novo biosynthesis|g__Clostridiales_unclassified.s__Clostridiales_bacterium_KLE1615	0.3985794830
PWY-7221: guanosine ribonucleotides de novo biosynthesis|g__Senegalimassilia.s__Senegalimassilia_anaerobia	0.0062752229
PWY-7221: guanosine ribonucleotides de novo biosynthesis|g__Bacteroides.s__Bacteroides_vulgatus	0.7467640089
PWY-7221: guanosine ribonucleotides de novo biosynthesis|g__Agathobaculum.s__Agathobaculum_butyriciproducens	0.2695273438
PWY-7221: guanosine ribonucleotides de novo biosynthesis|g__Bifidobacterium.s__Bifidobacterium_breve	0.0000000000
PWY-7221: guanosine ribonucleotides de novo biosynthesis|g__Bacteroides.s__Bacteroides_xylanisolvens	0.8065363808
PWY-7221: guanosine ribonucleotides de novo biosynthesis|g__Roseburia.s__Roseburia_inulinivorans	0.2969154394
PWY-7221: guanosine ribonucleotides de novo biosynthesis|g__Actinomyces.s__Actinomyces_sp_HMSC035G02	0.8117914595
PWY-7221: guanosine ribonucleotides de novo biosynthesis|g__Streptococcus.s__Streptococcus_parasanguinis	0.5700285518
PWY-7221: guanosine ribonucleotides de novo biosynthesis|g__Streptococcus.s__Streptococcus_salivarius	0.2176213541
PWY-7221: guanosine ribonucleotides de novo biosynthesis|g__Gardnerella.s__Gardnerella_vaginalis	0.5137087559
PWY-7221: guanosine ribonucleotides de novo biosynthesis|g__Bacteroides.s__Bacteroides_thetaiotaomicron	0.7309931627
PWY-7221: guanosine ribonucleotides de novo biosynthesis|g__Bacteroides.s__Bacteroides_stercoris	0.0000000228
PWY-7221: guanosine ribonucleotides de novo biosynthesis|g__Bacteroides.s__Bacteroides_caccae	0.2095390983
PWY-7221: guanosine ribonucleotides de novo biosynthesis|g__Blautia.s__Blautia_obeum	0.0000000000
ILEUSYN-PWY: L-isoleucine biosynthesis I (from threonine)	1.0000000000
ILEUSYN-PWY: L-isoleucine biosynthesis I (from threonine)|unclassified	0.0000000013
ILEUSYN-PWY: L-isoleucine biosynthesis I (from threonine)|g__Bifidobacterium.s__Bifidobacterium_adolescentis	0.6934427443
ILEUSYN-PWY: L-isoleucine biosynthesis I (from threonine)|g__Bifidobacterium.s__Bifidobacterium_bifidum	0.1741401516
ILEUSYN-PWY: L-isoleucine biosynthesis I (from threonine)|g__Lachnospiraceae_unclassified.s__Eubacterium_rectale	0.4966425043
ILEUSYN-PWY: L-isoleucine biosynthesis I (from threonine)|g__Anaerostipes.s__Anaerostipes_hadrus	0.0000010693
ILEUSYN-PWY: L-isoleucine biosynthesis I (from threonine)|g__Bifidobacterium.s__Bifidobacterium_breve	0.9531612649
ILEUSYN-PWY: L-isoleucine biosynthesis I (from threonine)|g__Catenibacterium.s__Catenibacterium_mitsuokai	0.3412310166
ILEUSYN-PWY: L-isoleucine biosynthesis I (from threonine)|g__Gemmiger.s__Gemmiger_formicilis	0.4998975380
ILEUSYN-PWY: L-isoleucine biosynthesis I (from threonine)|g__Blautia.s__Blautia_wexlerae	0.0000000024
ILEUSYN-PWY: L-isoleucine biosynthesis I (from threonine)|g__Blautia.s__Blautia_sp_AF19_10LB	0.3622831195
ILEUSYN-PWY: L-isoleucine biosynthesis I (from threonine)|g__Eggerthella.s__Eggerthella_lenta	0.4188858848
ILEUSYN-PWY: L-isoleucine biosynthesis I (from threonine)|g__Bacteroides.s__Bacteroides_stercoris	0.2314113069
ILEUSYN-PWY: L-isoleucine biosynthesis I (from threonine)|g__Erysipelatoclostridium.s__Clostridium_innocuum	0.1119582479
ILEUSYN-PWY: L-isoleucine biosynthesis I (from threonine)|g__Agathobaculum.s__Agathobaculum_butyriciproducens	0.1383762724
ILEUSYN-PWY: L-isoleucine biosynthesis I (from threonine)|g__Roseburia.s__Roseburia_inulinivorans	0.3445589041
ILEUSYN-PWY: L-isoleucine biosynthesis I (from threonine)|g__Bacteroides.s__Bacteroides_xylanisolvens	0.4513086859
ILEUSYN-PWY: L-isoleucine biosynthesis I (from threonine)|g__Streptococcus.s__Streptococcus_salivarius	0.4375575120
ILEUSYN-PWY: L-isoleucine biosynthesis I (from threonine)|g__Blautia.s__Blautia_obeum	0.0000000000
ILEUSYN-PWY: L-isoleucine biosynthesis I (from threonine)|g__Streptococcus.s__Streptococcus_equinus	0.2225514087
PWY-7111: pyruvate fermentation to isobutanol (engineered)	1.0000000000
PWY-7111: pyruvate fermentation to isobutanol (engineered)|unclassified	0.0000000008
PWY-7111: pyruvate fermentation to isobutanol (engineered)|g__Bifidobacterium.s__Bifidobacterium_adolescentis	0.5700954918
PWY-7111: pyruvate fermentation to isobutanol (engineered)|g__Bifidobacterium.s__Bifidobacterium_bifidum	0.0003494660
PWY-7111: pyruvate fermentation to isobutanol (engineered)|g__Anaerostipes.s__Anaerostipes_hadrus	0.0000006685
PWY-7111: pyruvate fermentation to isobutanol (engineered)|g__Roseburia.s__Roseburia_faecis	0.0477887903
PWY-7111: pyruvate fermentation to isobutanol (engineered)|g__Bifidobacterium.s__Bifidobacterium_breve	0.9271065657
PWY-7111: pyruvate fermentation to isobutanol (engineered)|g__Roseburia.s__Roseburia_hominis	0.2007947984
PWY-7111: pyruvate fermentation to isobutanol (engineered)|g__Catenibacterium.s__Catenibacterium_mitsuokai	0.1423180349
PWY-7111: pyruvate fermentation to isobutanol (engineered)|g__Faecalibacterium.s__Faecalibacterium_prausnitzii	0.0000002024
PWY-7111: pyruvate fermentation to isobutanol (engineered)|g__Blautia.s__Blautia_wexlerae	0.0000003843
PWY-7111: pyruvate fermentation to isobutanol (engineered)|g__Lachnospiraceae_unclassified.s__Eubacterium_rectale	0.0000000000
PWY-7111: pyruvate fermentation to isobutanol (engineered)|g__Sellimonas.s__Sellimonas_intestinalis	0.6806296782
PWY-7111: pyruvate fermentation to isobutanol (engineered)|g__Erysipelatoclostridium.s__Clostridium_innocuum	0.1098724448
PWY-7111: pyruvate fermentation to isobutanol (engineered)|g__Ruminococcus.s__Ruminococcus_lactaris	0.4319335852
PWY-7111: pyruvate fermentation to isobutanol (engineered)|g__Agathobaculum.s__Agathobaculum_butyriciproducens	0.1002317895
PWY-7111: pyruvate fermentation to isobutanol (engineered)|g__Erysipelatoclostridium.s__Clostridium_spiroforme	0.5812773687
PWY-7111: pyruvate fermentation to isobutanol (engineered)|g__Roseburia.s__Roseburia_inulinivorans	0.2465809520
PWY-7111: pyruvate fermentation to isobutanol (engineered)|g__Streptococcus.s__Streptococcus_salivarius	0.5590013190
PWY-7111: pyruvate fermentation to isobutanol (engineered)|g__Streptococcus.s__Streptococcus_equinus	0.4395794264
PWY-7111: pyruvate fermentation to isobutanol (engineered)|g__Blautia.s__Blautia_obeum	0.0000000000
PWY-5686: UMP biosynthesis I	1.0000000000
PWY-5686: UMP biosynthesis I|unclassified	0.9999967712
PWY-5686: UMP biosynthesis I|g__Bifidobacterium.s__Bifidobacterium_bifidum	0.7425942832
PWY-5686: UMP biosynthesis I|g__Bifidobacterium.s__Bifidobacterium_adolescentis	0.0000067411
PWY-5686: UMP biosynthesis I|g__Lachnospiraceae_unclassified.s__Eubacterium_rectale	0.0279204190
PWY-5686: UMP biosynthesis I|g__Anaerostipes.s__Anaerostipes_hadrus	0.0000000051
PWY-5686: UMP biosynthesis I|g__Catenibacterium.s__Catenibacterium_mitsuokai	0.6980166743
PWY-5686: UMP biosynthesis I|g__Bifidobacterium.s__Bifidobacterium_breve	0.9870068067
PWY-5686: UMP biosynthesis I|g__Faecalibacterium.s__Faecalibacterium_prausnitzii	0.0524462763
PWY-5686: UMP biosynthesis I|g__Blautia.s__Blautia_wexlerae	0.0403651547
PWY-5686: UMP biosynthesis I|g__Roseburia.s__Roseburia_faecis	0.0000000000
PWY-5686: UMP biosynthesis I|g__Gemmiger.s__Gemmiger_formicilis	0.3347517645
PWY-5686: UMP biosynthesis I|g__Dialister.s__Dialister_invisus	0.2487559056
PWY-5686: UMP biosynthesis I|g__Sellimonas.s__Sellimonas_intestinalis	0.1403585725
PWY-5686: UMP biosynthesis I|g__Blautia.s__Blautia_sp_AF19_10LB	0.2244972273
PWY-5686: UMP biosynthesis I|g__Senegalimassilia.s__Senegalimassilia_anaerobia	0.1011662911
PWY-5686: UMP biosynthesis I|g__Clostridiales_unclassified.s__Clostridiales_bacterium_KLE1615	0.0461884264
PWY-5686: UMP biosynthesis I|g__Eggerthella.s__Eggerthella_lenta	0.3304916848
PWY-5686: UMP biosynthesis I|g__Bacteroides.s__Bacteroides_stercoris	0.6600468716
PWY-5686: UMP biosynthesis I|g__Ruminococcus.s__Ruminococcus_lactaris	0.5045314007
PWY-5686: UMP biosynthesis I|g__Clostridium.s__Clostridium_disporicum	0.2562488212
PWY-5686: UMP biosynthesis I|g__Streptococcus.s__Streptococcus_pneumoniae	0.7870763137
PWY-5686: UMP biosynthesis I|g__Roseburia.s__Roseburia_inulinivorans	0.4567992623
PWY-5686: UMP biosynthesis I|g__Streptococcus.s__Streptococcus_equinus	0.1194056033
PWY-7790: UMP biosynthesis II	1.0000000000
PWY-7790: UMP biosynthesis II|unclassified	0.9999967712
PWY-7790: UMP biosynthesis II|g__Bifidobacterium.s__Bifidobacterium_adolescentis	0.0000067411
PWY-7790: UMP biosynthesis II|g__Bifidobacterium.s__Bifidobacterium_bifidum	0.0000785094
PWY-7790: UMP biosynthesis II|g__Lachnospiraceae_unclassified.s__Eubacterium_rectale	0.0279204190
PWY-7790: UMP biosynthesis II|g__Anaerostipes.s__Anaerostipes_hadrus	0.0000000051
PWY-7790: UMP biosynthesis II|g__Catenibacterium.s__Catenibacterium_mitsuokai	0.6980166743
PWY-7790: UMP biosynthesis II|g__Faecalibacterium.s__Faecalibacterium_prausnitzii	0.0524462763
PWY-7790: UMP biosynthesis II|g__Blautia.s__Blautia_wexlerae	0.0403651547
PWY-7790: UMP biosynthesis II|g__Roseburia.s__Roseburia_faecis	0.0000000000
PWY-7790: UMP biosynthesis II|g__Gemmiger.s__Gemmiger_formicilis	0.3347517645
PWY-7790: UMP biosynthesis II|g__Dialister.s__Dialister_invisus	0.2487559056
PWY-7790: UMP biosynthesis II|g__Sellimonas.s__Sellimonas_intestinalis	0.1403585725
PWY-7790: UMP biosynthesis II|g__Blautia.s__Blautia_sp_AF19_10LB	0.2244972273
PWY-7790: UMP biosynthesis II|g__Senegalimassilia.s__Senegalimassilia_anaerobia	0.1011662911
PWY-7790: UMP biosynthesis II|g__Clostridiales_unclassified.s__Clostridiales_bacterium_KLE1615	0.0461884264
PWY-7790: UMP biosynthesis II|g__Eggerthella.s__Eggerthella_lenta	0.3304916848
PWY-7790: UMP biosynthesis II|g__Bacteroides.s__Bacteroides_stercoris	0.6600468716
PWY-7790: UMP biosynthesis II|g__Ruminococcus.s__Ruminococcus_lactaris	0.5045314007
PWY-7790: UMP biosynthesis II|g__Clostridium.s__Clostridium_disporicum	0.2562488212
PWY-7790: UMP biosynthesis II|g__Streptococcus.s__Streptococcus_pneumoniae	0.7870763137
PWY-7790: UMP biosynthesis II|g__Roseburia.s__Roseburia_inulinivorans	0.4567992623
PWY-7790: UMP biosynthesis II|g__Bacteroides.s__Bacteroides_xylanisolvens	0.3546232873
PWY-7790: UMP biosynthesis II|g__Streptococcus.s__Streptococcus_equinus	0.1194056033
PWY-7791: UMP biosynthesis III	1.0000000000
PWY-7791: UMP biosynthesis III|unclassified	0.9999967712
PWY-7791: UMP biosynthesis III|g__Bifidobacterium.s__Bifidobacterium_adolescentis	0.0000067411
PWY-7791: UMP biosynthesis III|g__Bifidobacterium.s__Bifidobacterium_bifidum	0.0000785094
PWY-7791: UMP biosynthesis III|g__Lachnospiraceae_unclassified.s__Eubacterium_rectale	0.0279204190
PWY-7791: UMP biosynthesis III|g__Anaerostipes.s__Anaerostipes_hadrus	0.0000000051
PWY-7791: UMP biosynthesis III|g__Catenibacterium.s__Catenibacterium_mitsuokai	0.6980166743
PWY-7791: UMP biosynthesis III|g__Faecalibacterium.s__Faecalibacterium_prausnitzii	0.0524462763
PWY-7791: UMP biosynthesis III|g__Blautia.s__Blautia_wexlerae	0.0403651547
PWY-7791: UMP biosynthesis III|g__Roseburia.s__Roseburia_faecis	0.0000000000
PWY-7791: UMP biosynthesis III|g__Gemmiger.s__Gemmiger_formicilis	0.3347517645
PWY-7791: UMP biosynthesis III|g__Dialister.s__Dialister_invisus	0.2487559056
PWY-7791: UMP biosynthesis III|g__Sellimonas.s__Sellimonas_intestinalis	0.1403585725
PWY-7791: UMP biosynthesis III|g__Blautia.s__Blautia_sp_AF19_10LB	0.2244972273
PWY-7791: UMP biosynthesis III|g__Senegalimassilia.s__Senegalimassilia_anaerobia	0.1011662911
PWY-7791: UMP biosynthesis III|g__Clostridiales_unclassified.s__Clostridiales_bacterium_KLE1615	0.0461884264
PWY-7791: UMP biosynthesis III|g__Eggerthella.s__Eggerthella_lenta	0.3304916848
PWY-7791: UMP biosynthesis III|g__Bacteroides.s__Bacteroides_stercoris	0.6600468716
PWY-7791: UMP biosynthesis III|g__Ruminococcus.s__Ruminococcus_lactaris	0.5045314007
PWY-7791: UMP biosynthesis III|g__Clostridium.s__Clostridium_disporicum	0.2562488212
PWY-7791: UMP biosynthesis III|g__Bacteroides.s__Bacteroides_vulgatus	0.2377641178
PWY-7791: UMP biosynthesis III|g__Streptococcus.s__Streptococcus_pneumoniae	0.7870763137
PWY-7791: UMP biosynthesis III|g__Roseburia.s__Roseburia_inulinivorans	0.4567992623
PWY-7791: UMP biosynthesis III|g__Bacteroides.s__Bacteroides_xylanisolvens	0.3519993853
PWY-7791: UMP biosynthesis III|g__Streptococcus.s__Streptococcus_equinus	0.1194056033
BRANCHED-CHAIN-AA-SYN-PWY: superpathway of branched chain amino acid biosynthesis	1.0000000000
BRANCHED-CHAIN-AA-SYN-PWY: superpathway of branched chain amino acid biosynthesis|g__Bifidobacterium.s__Bifidobacterium_adolescentis	0.6894043851
BRANCHED-CHAIN-AA-SYN-PWY: superpathway of branched chain amino acid biosynthesis|unclassified	0.0000000017
BRANCHED-CHAIN-AA-SYN-PWY: superpathway of branched chain amino acid biosynthesis|g__Bifidobacterium.s__Bifidobacterium_bifidum	0.1963989915
BRANCHED-CHAIN-AA-SYN-PWY: superpathway of branched chain amino acid biosynthesis|g__Lachnospiraceae_unclassified.s__Eubacterium_rectale	0.3848110420
BRANCHED-CHAIN-AA-SYN-PWY: superpathway of branched chain amino acid biosynthesis|g__Bifidobacterium.s__Bifidobacterium_breve	0.9621746739
BRANCHED-CHAIN-AA-SYN-PWY: superpathway of branched chain amino acid biosynthesis|g__Anaerostipes.s__Anaerostipes_hadrus	0.0000013366
BRANCHED-CHAIN-AA-SYN-PWY: superpathway of branched chain amino acid biosynthesis|g__Catenibacterium.s__Catenibacterium_mitsuokai	0.3858180130
BRANCHED-CHAIN-AA-SYN-PWY: superpathway of branched chain amino acid biosynthesis|g__Gemmiger.s__Gemmiger_formicilis	0.2903440246
BRANCHED-CHAIN-AA-SYN-PWY: superpathway of branched chain amino acid biosynthesis|g__Blautia.s__Blautia_wexlerae	0.0000000020
BRANCHED-CHAIN-AA-SYN-PWY: superpathway of branched chain amino acid biosynthesis|g__Blautia.s__Blautia_sp_AF19_10LB	0.3367751495
BRANCHED-CHAIN-AA-SYN-PWY: superpathway of branched chain amino acid biosynthesis|g__Eggerthella.s__Eggerthella_lenta	0.4675567494
BRANCHED-CHAIN-AA-SYN-PWY: superpathway of branched chain amino acid biosynthesis|g__Bacteroides.s__Bacteroides_stercoris	0.2166210743
BRANCHED-CHAIN-AA-SYN-PWY: superpathway of branched chain amino acid biosynthesis|g__Erysipelatoclostridium.s__Clostridium_innocuum	0.1162555097
BRANCHED-CHAIN-AA-SYN-PWY: superpathway of branched chain amino acid biosynthesis|g__Agathobaculum.s__Agathobaculum_butyriciproducens	0.1528874080
BRANCHED-CHAIN-AA-SYN-PWY: superpathway of branched chain amino acid biosynthesis|g__Bacteroides.s__Bacteroides_xylanisolvens	0.5017326488
BRANCHED-CHAIN-AA-SYN-PWY: superpathway of branched chain amino acid biosynthesis|g__Streptococcus.s__Streptococcus_salivarius	0.2876993551
PWY-5103: L-isoleucine biosynthesis III	1.0000000000
PWY-5103: L-isoleucine biosynthesis III|g__Bifidobacterium.s__Bifidobacterium_adolescentis	0.5858830768
PWY-5103: L-isoleucine biosynthesis III|g__Bifidobacterium.s__Bifidobacterium_bifidum	0.1251149168
PWY-5103: L-isoleucine biosynthesis III|unclassified	0.0000000008
PWY-5103: L-isoleucine biosynthesis III|g__Lachnospiraceae_unclassified.s__Eubacterium_rectale	0.3860219626
PWY-5103: L-isoleucine biosynthesis III|g__Anaerostipes.s__Anaerostipes_hadrus	0.0000006685
PWY-5103: L-isoleucine biosynthesis III|g__Bifidobacterium.s__Bifidobacterium_breve	0.9271065657
PWY-5103: L-isoleucine biosynthesis III|g__Catenibacterium.s__Catenibacterium_mitsuokai	0.2972629994
PWY-5103: L-isoleucine biosynthesis III|g__Gemmiger.s__Gemmiger_formicilis	0.4220248176
PWY-5103: L-isoleucine biosynthesis III|g__Blautia.s__Blautia_wexlerae	0.0000000015
PWY-5103: L-isoleucine biosynthesis III|g__Blautia.s__Blautia_sp_AF19_10LB	0.3069398386
PWY-5103: L-isoleucine biosynthesis III|g__Eggerthella.s__Eggerthella_lenta	0.3581446521
PWY-5103: L-isoleucine biosynthesis III|g__Bacteroides.s__Bacteroides_stercoris	0.1966858368
PWY-5103: L-isoleucine biosynthesis III|g__Erysipelatoclostridium.s__Clostridium_innocuum	0.0891213050
PWY-5103: L-isoleucine biosynthesis III|g__Agathobaculum.s__Agathobaculum_butyriciproducens	0.0965282414
PWY-5103: L-isoleucine biosynthesis III|g__Roseburia.s__Roseburia_inulinivorans	0.2532304957
PWY-5103: L-isoleucine biosynthesis III|g__Bacteroides.s__Bacteroides_xylanisolvens	0.4251092578
PWY-5103: L-isoleucine biosynthesis III|g__Streptococcus.s__Streptococcus_salivarius	0.3890747340
PWY-5103: L-isoleucine biosynthesis III|g__Blautia.s__Blautia_obeum	0.0000000000
PWY-5103: L-isoleucine biosynthesis III|g__Streptococcus.s__Streptococcus_equinus	0.1666055379
ARO-PWY: chorismate biosynthesis I	1.0000000000
ARO-PWY: chorismate biosynthesis I|unclassified	1.0000000000
ARO-PWY: chorismate biosynthesis I|g__Bifidobacterium.s__Bifidobacterium_adolescentis	0.0001778170
ARO-PWY: chorismate biosynthesis I|g__Ruminococcus.s__Ruminococcus_bromii	0.0023596830
ARO-PWY: chorismate biosynthesis I|g__Bifidobacterium.s__Bifidobacterium_bifidum	0.0000023614
ARO-PWY: chorismate biosynthesis I|g__Lachnospiraceae_unclassified.s__Eubacterium_rectale	0.0156488494
ARO-PWY: chorismate biosynthesis I|g__Anaerostipes.s__Anaerostipes_hadrus	0.0477203945
ARO-PWY: chorismate biosynthesis I|g__Roseburia.s__Roseburia_faecis	0.0525070619
ARO-PWY: chorismate biosynthesis I|g__Faecalibacterium.s__Faecalibacterium_prausnitzii	0.9988563595
ARO-PWY: chorismate biosynthesis I|g__Catenibacterium.s__Catenibacterium_mitsuokai	0.1657350103
ARO-PWY: chorismate biosynthesis I|g__Blautia.s__Blautia_obeum	0.0014096178
ARO-PWY: chorismate biosynthesis I|g__Roseburia.s__Roseburia_hominis	0.0117592219
ARO-PWY: chorismate biosynthesis I|g__Blautia.s__Blautia_wexlerae	0.0000000004
ARO-PWY: chorismate biosynthesis I|g__Blautia.s__Blautia_sp_AF19_10LB	0.0825928053
ARO-PWY: chorismate biosynthesis I|g__Sellimonas.s__Sellimonas_intestinalis	0.0692390861
ARO-PWY: chorismate biosynthesis I|g__Clostridiales_unclassified.s__Clostridiales_bacterium_KLE1615	0.2491623722
ARO-PWY: chorismate biosynthesis I|g__Erysipelatoclostridium.s__Clostridium_innocuum	0.4856515804
ARO-PWY: chorismate biosynthesis I|g__Eggerthella.s__Eggerthella_lenta	0.0958310081
ARO-PWY: chorismate biosynthesis I|g__Bacteroides.s__Bacteroides_stercoris	0.3644131637
ARO-PWY: chorismate biosynthesis I|g__Ruminococcus.s__Ruminococcus_lactaris	0.3898815143
ARO-PWY: chorismate biosynthesis I|g__Agathobaculum.s__Agathobaculum_butyriciproducens	0.0578848289
ARO-PWY: chorismate biosynthesis I|g__Clostridium.s__Clostridium_disporicum	0.0976341390
ARO-PWY: chorismate biosynthesis I|g__Bacteroides.s__Bacteroides_vulgatus	0.1653420728
ARO-PWY: chorismate biosynthesis I|g__Roseburia.s__Roseburia_inulinivorans	0.2584494887
ARO-PWY: chorismate biosynthesis I|g__Streptococcus.s__Streptococcus_pneumoniae	0.3946049433
ARO-PWY: chorismate biosynthesis I|g__Flavonifractor.s__Flavonifractor_plautii	0.0152808939
ARO-PWY: chorismate biosynthesis I|g__Streptococcus.s__Streptococcus_salivarius	0.0030151806
PWY-6386: UDP-N-acetylmuramoyl-pentapeptide biosynthesis II (lysine-containing)	1.0000000000
PWY-6386: UDP-N-acetylmuramoyl-pentapeptide biosynthesis II (lysine-containing)|unclassified	1.0000000000
PWY-6386: UDP-N-acetylmuramoyl-pentapeptide biosynthesis II (lysine-containing)|g__Bifidobacterium.s__Bifidobacterium_adolescentis	0.0000000000
PWY-6386: UDP-N-acetylmuramoyl-pentapeptide biosynthesis II (lysine-containing)|g__Bifidobacterium.s__Bifidobacterium_bifidum	0.0001759627
PWY-6386: UDP-N-acetylmuramoyl-pentapeptide biosynthesis II (lysine-containing)|g__Lachnospiraceae_unclassified.s__Eubacterium_rectale	0.0000031036
PWY-6386: UDP-N-acetylmuramoyl-pentapeptide biosynthesis II (lysine-containing)|g__Anaerostipes.s__Anaerostipes_hadrus	0.0000000071
PWY-6386: UDP-N-acetylmuramoyl-pentapeptide biosynthesis II (lysine-containing)|g__Roseburia.s__Roseburia_faecis	0.0500684009
PWY-6386: UDP-N-acetylmuramoyl-pentapeptide biosynthesis II (lysine-containing)|g__Blautia.s__Blautia_wexlerae	0.3079412681
PWY-6386: UDP-N-acetylmuramoyl-pentapeptide biosynthesis II (lysine-containing)|g__Faecalibacterium.s__Faecalibacterium_prausnitzii	0.0000005337
PWY-6386: UDP-N-acetylmuramoyl-pentapeptide biosynthesis II (lysine-containing)|g__Catenibacterium.s__Catenibacterium_mitsuokai	0.0000000000
PWY-6386: UDP-N-acetylmuramoyl-pentapeptide biosynthesis II (lysine-containing)|g__Blautia.s__Blautia_obeum	0.0006492770
PWY-6386: UDP-N-acetylmuramoyl-pentapeptide biosynthesis II (lysine-containing)|g__Gemmiger.s__Gemmiger_formicilis	0.0415943307
PWY-6386: UDP-N-acetylmuramoyl-pentapeptide biosynthesis II (lysine-containing)|g__Dialister.s__Dialister_invisus	0.1261630271
PWY-6386: UDP-N-acetylmuramoyl-pentapeptide biosynthesis II (lysine-containing)|g__Blautia.s__Blautia_sp_AF19_10LB	0.4933056925
PWY-6386: UDP-N-acetylmuramoyl-pentapeptide biosynthesis II (lysine-containing)|g__Sellimonas.s__Sellimonas_intestinalis	0.2868253141
PWY-6386: UDP-N-acetylmuramoyl-pentapeptide biosynthesis II (lysine-containing)|g__Senegalimassilia.s__Senegalimassilia_anaerobia	0.2595922084
PWY-6386: UDP-N-acetylmuramoyl-pentapeptide biosynthesis II (lysine-containing)|g__Clostridiales_unclassified.s__Clostridiales_bacterium_KLE1615	0.2040883496
PWY-6386: UDP-N-acetylmuramoyl-pentapeptide biosynthesis II (lysine-containing)|g__Eggerthella.s__Eggerthella_lenta	0.5965615253
PWY-6386: UDP-N-acetylmuramoyl-pentapeptide biosynthesis II (lysine-containing)|g__Bacteroides.s__Bacteroides_stercoris	0.5812324438
PWY-6386: UDP-N-acetylmuramoyl-pentapeptide biosynthesis II (lysine-containing)|g__Erysipelatoclostridium.s__Clostridium_innocuum	0.2411357229
PWY-6386: UDP-N-acetylmuramoyl-pentapeptide biosynthesis II (lysine-containing)|g__Blautia.s__Blautia_producta	0.1864316188
PWY-6386: UDP-N-acetylmuramoyl-pentapeptide biosynthesis II (lysine-containing)|g__Streptococcus.s__Streptococcus_pneumoniae	0.1232654964
PWY-6386: UDP-N-acetylmuramoyl-pentapeptide biosynthesis II (lysine-containing)|g__Streptococcus.s__Streptococcus_salivarius	0.0028532495
GLYCOGENSYNTH-PWY: glycogen biosynthesis I (from ADP-D-Glucose)	1.0000000000
GLYCOGENSYNTH-PWY: glycogen biosynthesis I (from ADP-D-Glucose)|unclassified	1.0000000000
GLYCOGENSYNTH-PWY: glycogen biosynthesis I (from ADP-D-Glucose)|g__Anaerostipes.s__Anaerostipes_hadrus	0.9999999880
GLYCOGENSYNTH-PWY: glycogen biosynthesis I (from ADP-D-Glucose)|g__Ruminococcus.s__Ruminococcus_bromii	0.0000430661
GLYCOGENSYNTH-PWY: glycogen biosynthesis I (from ADP-D-Glucose)|g__Lachnospiraceae_unclassified.s__Eubacterium_rectale	0.0034670875
GLYCOGENSYNTH-PWY: glycogen biosynthesis I (from ADP-D-Glucose)|g__Bifidobacterium.s__Bifidobacterium_adolescentis	0.0000000000
GLYCOGENSYNTH-PWY: glycogen biosynthesis I (from ADP-D-Glucose)|g__Bifidobacterium.s__Bifidobacterium_bifidum	0.0000000001
GLYCOGENSYNTH-PWY: glycogen biosynthesis I (from ADP-D-Glucose)|g__Roseburia.s__Roseburia_faecis	0.6132247643
GLYCOGENSYNTH-PWY: glycogen biosynthesis I (from ADP-D-Glucose)|g__Blautia.s__Blautia_wexlerae	0.9999870897
GLYCOGENSYNTH-PWY: glycogen biosynthesis I (from ADP-D-Glucose)|g__Faecalibacterium.s__Faecalibacterium_prausnitzii	0.9591343116
GLYCOGENSYNTH-PWY: glycogen biosynthesis I (from ADP-D-Glucose)|g__Catenibacterium.s__Catenibacterium_mitsuokai	0.9995458731
GLYCOGENSYNTH-PWY: glycogen biosynthesis I (from ADP-D-Glucose)|g__Roseburia.s__Roseburia_hominis	0.9997655045
GLYCOGENSYNTH-PWY: glycogen biosynthesis I (from ADP-D-Glucose)|g__Bifidobacterium.s__Bifidobacterium_breve	0.9963799545
GLYCOGENSYNTH-PWY: glycogen biosynthesis I (from ADP-D-Glucose)|g__Blautia.s__Blautia_obeum	0.9906295868
GLYCOGENSYNTH-PWY: glycogen biosynthesis I (from ADP-D-Glucose)|g__Gemmiger.s__Gemmiger_formicilis	0.0610751622
GLYCOGENSYNTH-PWY: glycogen biosynthesis I (from ADP-D-Glucose)|g__Blautia.s__Blautia_sp_AF19_10LB	0.2966002790
GLYCOGENSYNTH-PWY: glycogen biosynthesis I (from ADP-D-Glucose)|g__Sellimonas.s__Sellimonas_intestinalis	0.1024366805
GLYCOGENSYNTH-PWY: glycogen biosynthesis I (from ADP-D-Glucose)|g__Clostridium.s__Clostridium_disporicum	0.9865115329
GLYCOGENSYNTH-PWY: glycogen biosynthesis I (from ADP-D-Glucose)|g__Erysipelatoclostridium.s__Clostridium_innocuum	0.9012796185
GLYCOGENSYNTH-PWY: glycogen biosynthesis I (from ADP-D-Glucose)|g__Agathobaculum.s__Agathobaculum_butyriciproducens	0.8377543179
GLYCOGENSYNTH-PWY: glycogen biosynthesis I (from ADP-D-Glucose)|g__Clostridiales_unclassified.s__Clostridiales_bacterium_KLE1615	0.0300429952
GLYCOGENSYNTH-PWY: glycogen biosynthesis I (from ADP-D-Glucose)|g__Ruminococcus.s__Ruminococcus_lactaris	0.2864247039
GLYCOGENSYNTH-PWY: glycogen biosynthesis I (from ADP-D-Glucose)|g__Roseburia.s__Roseburia_inulinivorans	0.6191450662
GLYCOGENSYNTH-PWY: glycogen biosynthesis I (from ADP-D-Glucose)|g__Ruminococcus.s__Ruminococcus_sp_AF31_8BH	0.4753070256
GLYCOGENSYNTH-PWY: glycogen biosynthesis I (from ADP-D-Glucose)|g__Streptococcus.s__Streptococcus_pneumoniae	0.6086828986
GLYCOGENSYNTH-PWY: glycogen biosynthesis I (from ADP-D-Glucose)|g__Blautia.s__Blautia_producta	0.1709160705
GLYCOGENSYNTH-PWY: glycogen biosynthesis I (from ADP-D-Glucose)|g__Streptococcus.s__Streptococcus_salivarius	0.0338173200
PWY-6163: chorismate biosynthesis from 3-dehydroquinate	1.0000000000
PWY-6163: chorismate biosynthesis from 3-dehydroquinate|unclassified	1.0000000000
PWY-6163: chorismate biosynthesis from 3-dehydroquinate|g__Ruminococcus.s__Ruminococcus_bromii	0.4091816172
PWY-6163: chorismate biosynthesis from 3-dehydroquinate|g__Lachnospiraceae_unclassified.s__Eubacterium_rectale	0.2036166859
PWY-6163: chorismate biosynthesis from 3-dehydroquinate|g__Bifidobacterium.s__Bifidobacterium_adolescentis	0.0001270186
PWY-6163: chorismate biosynthesis from 3-dehydroquinate|g__Bifidobacterium.s__Bifidobacterium_bifidum	0.0000016867
PWY-6163: chorismate biosynthesis from 3-dehydroquinate|g__Anaerostipes.s__Anaerostipes_hadrus	0.0804965831
PWY-6163: chorismate biosynthesis from 3-dehydroquinate|g__Roseburia.s__Roseburia_faecis	0.0419366153
PWY-6163: chorismate biosynthesis from 3-dehydroquinate|g__Faecalibacterium.s__Faecalibacterium_prausnitzii	0.9984175121
PWY-6163: chorismate biosynthesis from 3-dehydroquinate|g__Blautia.s__Blautia_wexlerae	0.8226957271
PWY-6163: chorismate biosynthesis from 3-dehydroquinate|g__Catenibacterium.s__Catenibacterium_mitsuokai	0.1381364650
PWY-6163: chorismate biosynthesis from 3-dehydroquinate|g__Blautia.s__Blautia_obeum	0.0010083669
PWY-6163: chorismate biosynthesis from 3-dehydroquinate|g__Roseburia.s__Roseburia_hominis	0.0097206062
PWY-6163: chorismate biosynthesis from 3-dehydroquinate|g__Sellimonas.s__Sellimonas_intestinalis	0.4477906175
PWY-6163: chorismate biosynthesis from 3-dehydroquinate|g__Blautia.s__Blautia_sp_AF19_10LB	0.0644648907
PWY-6163: chorismate biosynthesis from 3-dehydroquinate|g__Senegalimassilia.s__Senegalimassilia_anaerobia	0.1204375624
PWY-6163: chorismate biosynthesis from 3-dehydroquinate|g__Clostridiales_unclassified.s__Clostridiales_bacterium_KLE1615	0.3447795209
PWY-6163: chorismate biosynthesis from 3-dehydroquinate|g__Bacteroides.s__Bacteroides_stercoris	0.6230021300
PWY-6163: chorismate biosynthesis from 3-dehydroquinate|g__Erysipelatoclostridium.s__Clostridium_innocuum	0.4310415990
PWY-6163: chorismate biosynthesis from 3-dehydroquinate|g__Eggerthella.s__Eggerthella_lenta	0.0707213633
PWY-6163: chorismate biosynthesis from 3-dehydroquinate|g__Ruminococcus.s__Ruminococcus_lactaris	0.3977507475
PWY-6163: chorismate biosynthesis from 3-dehydroquinate|g__Blautia.s__Blautia_producta	0.8119818821
PWY-6163: chorismate biosynthesis from 3-dehydroquinate|g__Roseburia.s__Roseburia_inulinivorans	0.7097729838
PWY-6163: chorismate biosynthesis from 3-dehydroquinate|g__Clostridium.s__Clostridium_disporicum	0.1214828409
PWY-6163: chorismate biosynthesis from 3-dehydroquinate|g__Agathobaculum.s__Agathobaculum_butyriciproducens	0.0424730906
PWY-6163: chorismate biosynthesis from 3-dehydroquinate|g__Bacteroides.s__Bacteroides_vulgatus	0.2584197149
PWY-6163: chorismate biosynthesis from 3-dehydroquinate|g__Streptococcus.s__Streptococcus_pneumoniae	0.4320268832
PWY-6163: chorismate biosynthesis from 3-dehydroquinate|g__Bacteroides.s__Bacteroides_xylanisolvens	0.2479698044
PWY-6163: chorismate biosynthesis from 3-dehydroquinate|g__Flavonifractor.s__Flavonifractor_plautii	0.0109723866
PWY-6163: chorismate biosynthesis from 3-dehydroquinate|g__Streptococcus.s__Streptococcus_salivarius	0.0021753715
NONMEVIPP-PWY: methylerythritol phosphate pathway I	1.0000000000
NONMEVIPP-PWY: methylerythritol phosphate pathway I|unclassified	0.9999993799
NONMEVIPP-PWY: methylerythritol phosphate pathway I|g__Bifidobacterium.s__Bifidobacterium_adolescentis	0.6454336546
NONMEVIPP-PWY: methylerythritol phosphate pathway I|g__Bifidobacterium.s__Bifidobacterium_bifidum	0.0104068994
NONMEVIPP-PWY: methylerythritol phosphate pathway I|g__Ruminococcus.s__Ruminococcus_bromii	0.0000000074
NONMEVIPP-PWY: methylerythritol phosphate pathway I|g__Roseburia.s__Roseburia_faecis	0.5271783023
NONMEVIPP-PWY: methylerythritol phosphate pathway I|g__Anaerostipes.s__Anaerostipes_hadrus	0.0000006640
NONMEVIPP-PWY: methylerythritol phosphate pathway I|g__Blautia.s__Blautia_wexlerae	0.0000000000
NONMEVIPP-PWY: methylerythritol phosphate pathway I|g__Catenibacterium.s__Catenibacterium_mitsuokai	0.0000000000
NONMEVIPP-PWY: methylerythritol phosphate pathway I|g__Gemmiger.s__Gemmiger_formicilis	0.3142925311
NONMEVIPP-PWY: methylerythritol phosphate pathway I|g__Blautia.s__Blautia_sp_AF19_10LB	0.1747065359
NONMEVIPP-PWY: methylerythritol phosphate pathway I|g__Senegalimassilia.s__Senegalimassilia_anaerobia	0.6955285027
NONMEVIPP-PWY: methylerythritol phosphate pathway I|g__Sellimonas.s__Sellimonas_intestinalis	0.0114783572
NONMEVIPP-PWY: methylerythritol phosphate pathway I|g__Blautia.s__Blautia_obeum	0.0000000000
NONMEVIPP-PWY: methylerythritol phosphate pathway I|g__Clostridiales_unclassified.s__Clostridiales_bacterium_KLE1615	0.0812088991
NONMEVIPP-PWY: methylerythritol phosphate pathway I|g__Eggerthella.s__Eggerthella_lenta	0.1781373517
NONMEVIPP-PWY: methylerythritol phosphate pathway I|g__Clostridium.s__Clostridium_disporicum	0.4400191265
NONMEVIPP-PWY: methylerythritol phosphate pathway I|g__Agathobaculum.s__Agathobaculum_butyriciproducens	0.3248354798
NONMEVIPP-PWY: methylerythritol phosphate pathway I|g__Ruminococcus.s__Ruminococcus_lactaris	0.2484894741
NONMEVIPP-PWY: methylerythritol phosphate pathway I|g__Erysipelatoclostridium.s__Clostridium_innocuum	0.0183954102
NONMEVIPP-PWY: methylerythritol phosphate pathway I|g__Bacteroides.s__Bacteroides_vulgatus	0.1157634189
PWY-6387: UDP-N-acetylmuramoyl-pentapeptide biosynthesis I (meso-diaminopimelate containing)	1.0000000000
PWY-6387: UDP-N-acetylmuramoyl-pentapeptide biosynthesis I (meso-diaminopimelate containing)|unclassified	1.0000000000
PWY-6387: UDP-N-acetylmuramoyl-pentapeptide biosynthesis I (meso-diaminopimelate containing)|g__Bifidobacterium.s__Bifidobacterium_adolescentis	0.0000000000
PWY-6387: UDP-N-acetylmuramoyl-pentapeptide biosynthesis I (meso-diaminopimelate containing)|g__Bifidobacterium.s__Bifidobacterium_bifidum	0.0001403527
PWY-6387: UDP-N-acetylmuramoyl-pentapeptide biosynthesis I (meso-diaminopimelate containing)|g__Lachnospiraceae_unclassified.s__Eubacterium_rectale	0.0001787662
PWY-6387: UDP-N-acetylmuramoyl-pentapeptide biosynthesis I (meso-diaminopimelate containing)|g__Anaerostipes.s__Anaerostipes_hadrus	0.0000180311
PWY-6387: UDP-N-acetylmuramoyl-pentapeptide biosynthesis I (meso-diaminopimelate containing)|g__Roseburia.s__Roseburia_faecis	0.2899550904
PWY-6387: UDP-N-acetylmuramoyl-pentapeptide biosynthesis I (meso-diaminopimelate containing)|g__Blautia.s__Blautia_wexlerae	0.2618036242
PWY-6387: UDP-N-acetylmuramoyl-pentapeptide biosynthesis I (meso-diaminopimelate containing)|g__Catenibacterium.s__Catenibacterium_mitsuokai	0.0041946551
PWY-6387: UDP-N-acetylmuramoyl-pentapeptide biosynthesis I (meso-diaminopimelate containing)|g__Faecalibacterium.s__Faecalibacterium_prausnitzii	0.0000001779
PWY-6387: UDP-N-acetylmuramoyl-pentapeptide biosynthesis I (meso-diaminopimelate containing)|g__Blautia.s__Blautia_obeum	0.0032336332
PWY-6387: UDP-N-acetylmuramoyl-pentapeptide biosynthesis I (meso-diaminopimelate containing)|g__Gemmiger.s__Gemmiger_formicilis	0.0364477708
PWY-6387: UDP-N-acetylmuramoyl-pentapeptide biosynthesis I (meso-diaminopimelate containing)|g__Dialister.s__Dialister_invisus	0.2326219072
PWY-6387: UDP-N-acetylmuramoyl-pentapeptide biosynthesis I (meso-diaminopimelate containing)|g__Blautia.s__Blautia_sp_AF19_10LB	0.6893199613
PWY-6387: UDP-N-acetylmuramoyl-pentapeptide biosynthesis I (meso-diaminopimelate containing)|g__Sellimonas.s__Sellimonas_intestinalis	0.3544013901
PWY-6387: UDP-N-acetylmuramoyl-pentapeptide biosynthesis I (meso-diaminopimelate containing)|g__Roseburia.s__Roseburia_hominis	0.0000000000
PWY-6387: UDP-N-acetylmuramoyl-pentapeptide biosynthesis I (meso-diaminopimelate containing)|g__Senegalimassilia.s__Senegalimassilia_anaerobia	0.2069447983
PWY-6387: UDP-N-acetylmuramoyl-pentapeptide biosynthesis I (meso-diaminopimelate containing)|g__Eggerthella.s__Eggerthella_lenta	0.6676029391
PWY-6387: UDP-N-acetylmuramoyl-pentapeptide biosynthesis I (meso-diaminopimelate containing)|g__Clostridiales_unclassified.s__Clostridiales_bacterium_KLE1615	0.1839332389
PWY-6387: UDP-N-acetylmuramoyl-pentapeptide biosynthesis I (meso-diaminopimelate containing)|g__Bacteroides.s__Bacteroides_stercoris	0.5471717367
PWY-6387: UDP-N-acetylmuramoyl-pentapeptide biosynthesis I (meso-diaminopimelate containing)|g__Erysipelatoclostridium.s__Clostridium_innocuum	0.2267780881
PWY-6387: UDP-N-acetylmuramoyl-pentapeptide biosynthesis I (meso-diaminopimelate containing)|g__Agathobaculum.s__Agathobaculum_butyriciproducens	0.2347634978
PWY-6387: UDP-N-acetylmuramoyl-pentapeptide biosynthesis I (meso-diaminopimelate containing)|g__Clostridium.s__Clostridium_disporicum	0.0321744442
PWY-6387: UDP-N-acetylmuramoyl-pentapeptide biosynthesis I (meso-diaminopimelate containing)|g__Ruminococcus.s__Ruminococcus_lactaris	0.1051744179
PWY-6387: UDP-N-acetylmuramoyl-pentapeptide biosynthesis I (meso-diaminopimelate containing)|g__Bacteroides.s__Bacteroides_vulgatus	0.0850629237
PWY-6387: UDP-N-acetylmuramoyl-pentapeptide biosynthesis I (meso-diaminopimelate containing)|g__Blautia.s__Blautia_producta	0.3321554865
PWY-6387: UDP-N-acetylmuramoyl-pentapeptide biosynthesis I (meso-diaminopimelate containing)|g__Streptococcus.s__Streptococcus_pneumoniae	0.1092974292
PWY-6387: UDP-N-acetylmuramoyl-pentapeptide biosynthesis I (meso-diaminopimelate containing)|g__Streptococcus.s__Streptococcus_salivarius	0.0081360378
PWY-6151: S-adenosyl-L-methionine salvage I	1.0000000000
PWY-6151: S-adenosyl-L-methionine salvage I|unclassified	0.9999999999
PWY-6151: S-adenosyl-L-methionine salvage I|g__Bifidobacterium.s__Bifidobacterium_bifidum	0.7677566532
PWY-6151: S-adenosyl-L-methionine salvage I|g__Bifidobacterium.s__Bifidobacterium_adolescentis	0.0375651990
PWY-6151: S-adenosyl-L-methionine salvage I|g__Anaerostipes.s__Anaerostipes_hadrus	0.9649554423
PWY-6151: S-adenosyl-L-methionine salvage I|g__Ruminococcus.s__Ruminococcus_bromii	0.0315193389
PWY-6151: S-adenosyl-L-methionine salvage I|g__Lachnospiraceae_unclassified.s__Eubacterium_rectale	0.5026084898
PWY-6151: S-adenosyl-L-methionine salvage I|g__Bifidobacterium.s__Bifidobacterium_breve	1.0000000000
PWY-6151: S-adenosyl-L-methionine salvage I|g__Roseburia.s__Roseburia_faecis	0.6243270479
PWY-6151: S-adenosyl-L-methionine salvage I|g__Blautia.s__Blautia_wexlerae	0.8557437657
PWY-6151: S-adenosyl-L-methionine salvage I|g__Catenibacterium.s__Catenibacterium_mitsuokai	0.6805767348
PWY-6151: S-adenosyl-L-methionine salvage I|g__Faecalibacterium.s__Faecalibacterium_prausnitzii	0.0002573002
PWY-6151: S-adenosyl-L-methionine salvage I|g__Roseburia.s__Roseburia_hominis	0.0001040911
PWY-6151: S-adenosyl-L-methionine salvage I|g__Gemmiger.s__Gemmiger_formicilis	0.0032934276
PWY-6151: S-adenosyl-L-methionine salvage I|g__Sellimonas.s__Sellimonas_intestinalis	0.0658067020
PWY-6151: S-adenosyl-L-methionine salvage I|g__Clostridiales_unclassified.s__Clostridiales_bacterium_KLE1615	0.6448441020
PWY-6151: S-adenosyl-L-methionine salvage I|g__Blautia.s__Blautia_sp_AF19_10LB	0.0001886047
PWY-6151: S-adenosyl-L-methionine salvage I|g__Clostridium.s__Clostridium_disporicum	0.6915807718
PWY-6151: S-adenosyl-L-methionine salvage I|g__Ruminococcus.s__Ruminococcus_lactaris	0.6423842460
PWY-6151: S-adenosyl-L-methionine salvage I|g__Bacteroides.s__Bacteroides_stercoris	0.3298738517
PWY-6151: S-adenosyl-L-methionine salvage I|g__Senegalimassilia.s__Senegalimassilia_anaerobia	0.0018046559
PWY-6151: S-adenosyl-L-methionine salvage I|g__Agathobaculum.s__Agathobaculum_butyriciproducens	0.3005806641
PWY-6151: S-adenosyl-L-methionine salvage I|g__Erysipelatoclostridium.s__Clostridium_innocuum	0.0060600620
PWY-6151: S-adenosyl-L-methionine salvage I|g__Blautia.s__Blautia_producta	0.6058449799
PWY-6151: S-adenosyl-L-methionine salvage I|g__Streptococcus.s__Streptococcus_pneumoniae	0.4185709972
PWY-6151: S-adenosyl-L-methionine salvage I|g__Actinomyces.s__Actinomyces_sp_HMSC035G02	0.7039660713
PWY-6151: S-adenosyl-L-methionine salvage I|g__Actinomyces.s__Actinomyces_sp_HPA0247	0.8314021109
PWY-6151: S-adenosyl-L-methionine salvage I|g__Actinomyces.s__Actinomyces_sp_ICM47	0.2859715788
ARGSYNBSUB-PWY: L-arginine biosynthesis II (acetyl cycle)	1.0000000000
ARGSYNBSUB-PWY: L-arginine biosynthesis II (acetyl cycle)|unclassified	1.0000000000
ARGSYNBSUB-PWY: L-arginine biosynthesis II (acetyl cycle)|g__Bifidobacterium.s__Bifidobacterium_bifidum	0.0000644084
ARGSYNBSUB-PWY: L-arginine biosynthesis II (acetyl cycle)|g__Ruminococcus.s__Ruminococcus_bromii	0.3321082421
ARGSYNBSUB-PWY: L-arginine biosynthesis II (acetyl cycle)|g__Bifidobacterium.s__Bifidobacterium_adolescentis	0.0002936559
ARGSYNBSUB-PWY: L-arginine biosynthesis II (acetyl cycle)|g__Lachnospiraceae_unclassified.s__Eubacterium_rectale	0.0616767630
ARGSYNBSUB-PWY: L-arginine biosynthesis II (acetyl cycle)|g__Anaerostipes.s__Anaerostipes_hadrus	0.0000007986
ARGSYNBSUB-PWY: L-arginine biosynthesis II (acetyl cycle)|g__Roseburia.s__Roseburia_faecis	0.0742317519
ARGSYNBSUB-PWY: L-arginine biosynthesis II (acetyl cycle)|g__Blautia.s__Blautia_wexlerae	0.5411009539
ARGSYNBSUB-PWY: L-arginine biosynthesis II (acetyl cycle)|g__Faecalibacterium.s__Faecalibacterium_prausnitzii	0.3868101665
ARGSYNBSUB-PWY: L-arginine biosynthesis II (acetyl cycle)|g__Catenibacterium.s__Catenibacterium_mitsuokai	0.2898381178
ARGSYNBSUB-PWY: L-arginine biosynthesis II (acetyl cycle)|g__Roseburia.s__Roseburia_hominis	0.3778158834
ARGSYNBSUB-PWY: L-arginine biosynthesis II (acetyl cycle)|g__Gemmiger.s__Gemmiger_formicilis	0.9015888831
ARGSYNBSUB-PWY: L-arginine biosynthesis II (acetyl cycle)|g__Bifidobacterium.s__Bifidobacterium_breve	0.0000000000
ARGSYNBSUB-PWY: L-arginine biosynthesis II (acetyl cycle)|g__Sellimonas.s__Sellimonas_intestinalis	0.1708774171
ARGSYNBSUB-PWY: L-arginine biosynthesis II (acetyl cycle)|g__Blautia.s__Blautia_sp_AF19_10LB	0.1661640791
ARGSYNBSUB-PWY: L-arginine biosynthesis II (acetyl cycle)|g__Senegalimassilia.s__Senegalimassilia_anaerobia	0.1395285678
ARGSYNBSUB-PWY: L-arginine biosynthesis II (acetyl cycle)|g__Clostridiales_unclassified.s__Clostridiales_bacterium_KLE1615	0.0614253206
ARGSYNBSUB-PWY: L-arginine biosynthesis II (acetyl cycle)|g__Eggerthella.s__Eggerthella_lenta	0.0513514714
ARGSYNBSUB-PWY: L-arginine biosynthesis II (acetyl cycle)|g__Ruminococcus.s__Ruminococcus_lactaris	0.1221660572
ARGSYNBSUB-PWY: L-arginine biosynthesis II (acetyl cycle)|g__Clostridium.s__Clostridium_disporicum	0.0793996630
ARGSYNBSUB-PWY: L-arginine biosynthesis II (acetyl cycle)|g__Erysipelatoclostridium.s__Clostridium_innocuum	0.0102016980
ARGSYNBSUB-PWY: L-arginine biosynthesis II (acetyl cycle)|g__Streptococcus.s__Streptococcus_pneumoniae	0.4500363265
ARGSYNBSUB-PWY: L-arginine biosynthesis II (acetyl cycle)|g__Streptococcus.s__Streptococcus_salivarius	0.4413968844
PEPTIDOGLYCANSYN-PWY: peptidoglycan biosynthesis I (meso-diaminopimelate containing)	1.0000000000
PEPTIDOGLYCANSYN-PWY: peptidoglycan biosynthesis I (meso-diaminopimelate containing)|unclassified	1.0000000000
PEPTIDOGLYCANSYN-PWY: peptidoglycan biosynthesis I (meso-diaminopimelate containing)|g__Bifidobacterium.s__Bifidobacterium_adolescentis	0.0000000000
PEPTIDOGLYCANSYN-PWY: peptidoglycan biosynthesis I (meso-diaminopimelate containing)|g__Bifidobacterium.s__Bifidobacterium_bifidum	0.0001753992
PEPTIDOGLYCANSYN-PWY: peptidoglycan biosynthesis I (meso-diaminopimelate containing)|g__Lachnospiraceae_unclassified.s__Eubacterium_rectale	0.0000032097
PEPTIDOGLYCANSYN-PWY: peptidoglycan biosynthesis I (meso-diaminopimelate containing)|g__Anaerostipes.s__Anaerostipes_hadrus	0.0000225388
PEPTIDOGLYCANSYN-PWY: peptidoglycan biosynthesis I (meso-diaminopimelate containing)|g__Roseburia.s__Roseburia_faecis	0.0523700904
PEPTIDOGLYCANSYN-PWY: peptidoglycan biosynthesis I (meso-diaminopimelate containing)|g__Blautia.s__Blautia_wexlerae	0.1175358966
PEPTIDOGLYCANSYN-PWY: peptidoglycan biosynthesis I (meso-diaminopimelate containing)|g__Catenibacterium.s__Catenibacterium_mitsuokai	0.0000005978
PEPTIDOGLYCANSYN-PWY: peptidoglycan biosynthesis I (meso-diaminopimelate containing)|g__Blautia.s__Blautia_obeum	0.0040195830
PEPTIDOGLYCANSYN-PWY: peptidoglycan biosynthesis I (meso-diaminopimelate containing)|g__Faecalibacterium.s__Faecalibacterium_prausnitzii	0.0000000000
PEPTIDOGLYCANSYN-PWY: peptidoglycan biosynthesis I (meso-diaminopimelate containing)|g__Gemmiger.s__Gemmiger_formicilis	0.0053366296
PEPTIDOGLYCANSYN-PWY: peptidoglycan biosynthesis I (meso-diaminopimelate containing)|g__Dialister.s__Dialister_invisus	0.2330498922
PEPTIDOGLYCANSYN-PWY: peptidoglycan biosynthesis I (meso-diaminopimelate containing)|g__Sellimonas.s__Sellimonas_intestinalis	0.3910696910
PEPTIDOGLYCANSYN-PWY: peptidoglycan biosynthesis I (meso-diaminopimelate containing)|g__Blautia.s__Blautia_sp_AF19_10LB	0.5377856767
PEPTIDOGLYCANSYN-PWY: peptidoglycan biosynthesis I (meso-diaminopimelate containing)|g__Roseburia.s__Roseburia_hominis	0.0000000000
PEPTIDOGLYCANSYN-PWY: peptidoglycan biosynthesis I (meso-diaminopimelate containing)|g__Senegalimassilia.s__Senegalimassilia_anaerobia	0.2399515354
PEPTIDOGLYCANSYN-PWY: peptidoglycan biosynthesis I (meso-diaminopimelate containing)|g__Eggerthella.s__Eggerthella_lenta	0.5935595515
PEPTIDOGLYCANSYN-PWY: peptidoglycan biosynthesis I (meso-diaminopimelate containing)|g__Bacteroides.s__Bacteroides_stercoris	0.4453014159
PEPTIDOGLYCANSYN-PWY: peptidoglycan biosynthesis I (meso-diaminopimelate containing)|g__Erysipelatoclostridium.s__Clostridium_innocuum	0.1427688978
PEPTIDOGLYCANSYN-PWY: peptidoglycan biosynthesis I (meso-diaminopimelate containing)|g__Agathobaculum.s__Agathobaculum_butyriciproducens	0.2396748334
PEPTIDOGLYCANSYN-PWY: peptidoglycan biosynthesis I (meso-diaminopimelate containing)|g__Blautia.s__Blautia_producta	0.1885699837
PEPTIDOGLYCANSYN-PWY: peptidoglycan biosynthesis I (meso-diaminopimelate containing)|g__Streptococcus.s__Streptococcus_pneumoniae	0.1319567669
COMPLETE-ARO-PWY: superpathway of aromatic amino acid biosynthesis	1.0000000000
COMPLETE-ARO-PWY: superpathway of aromatic amino acid biosynthesis|unclassified	1.0000000000
COMPLETE-ARO-PWY: superpathway of aromatic amino acid biosynthesis|g__Lachnospiraceae_unclassified.s__Eubacterium_rectale	0.0119277176
COMPLETE-ARO-PWY: superpathway of aromatic amino acid biosynthesis|g__Anaerostipes.s__Anaerostipes_hadrus	0.0385351960
COMPLETE-ARO-PWY: superpathway of aromatic amino acid biosynthesis|g__Roseburia.s__Roseburia_faecis	0.0569456248
COMPLETE-ARO-PWY: superpathway of aromatic amino acid biosynthesis|g__Catenibacterium.s__Catenibacterium_mitsuokai	0.0044222408
COMPLETE-ARO-PWY: superpathway of aromatic amino acid biosynthesis|g__Blautia.s__Blautia_obeum	0.0004076841
COMPLETE-ARO-PWY: superpathway of aromatic amino acid biosynthesis|g__Roseburia.s__Roseburia_hominis	0.0084467025
COMPLETE-ARO-PWY: superpathway of aromatic amino acid biosynthesis|g__Blautia.s__Blautia_wexlerae	0.0000000000
COMPLETE-ARO-PWY: superpathway of aromatic amino acid biosynthesis|g__Blautia.s__Blautia_sp_AF19_10LB	0.0218615387
COMPLETE-ARO-PWY: superpathway of aromatic amino acid biosynthesis|g__Sellimonas.s__Sellimonas_intestinalis	0.0020276639
COMPLETE-ARO-PWY: superpathway of aromatic amino acid biosynthesis|g__Clostridiales_unclassified.s__Clostridiales_bacterium_KLE1615	0.0657767048
COMPLETE-ARO-PWY: superpathway of aromatic amino acid biosynthesis|g__Erysipelatoclostridium.s__Clostridium_innocuum	0.4511675081
COMPLETE-ARO-PWY: superpathway of aromatic amino acid biosynthesis|g__Ruminococcus.s__Ruminococcus_lactaris	0.1181363325
COMPLETE-ARO-PWY: superpathway of aromatic amino acid biosynthesis|g__Agathobaculum.s__Agathobaculum_butyriciproducens	0.0651640996
COMPLETE-ARO-PWY: superpathway of aromatic amino acid biosynthesis|g__Clostridium.s__Clostridium_disporicum	0.0934733548
COMPLETE-ARO-PWY: superpathway of aromatic amino acid biosynthesis|g__Streptococcus.s__Streptococcus_pneumoniae	0.1271952466
COMPLETE-ARO-PWY: superpathway of aromatic amino acid biosynthesis|g__Streptococcus.s__Streptococcus_salivarius	0.0027326653
PWY-8178: pentose phosphate pathway (non-oxidative branch) II	1.0000000000
PWY-8178: pentose phosphate pathway (non-oxidative branch) II|unclassified	1.0000000000
PWY-8178: pentose phosphate pathway (non-oxidative branch) II|g__Lachnospiraceae_unclassified.s__Eubacterium_rectale	0.0224095542
PWY-8178: pentose phosphate pathway (non-oxidative branch) II|g__Anaerostipes.s__Anaerostipes_hadrus	0.0000067715
PWY-8178: pentose phosphate pathway (non-oxidative branch) II|g__Roseburia.s__Roseburia_faecis	0.4195512957
PWY-8178: pentose phosphate pathway (non-oxidative branch) II|g__Roseburia.s__Roseburia_hominis	0.5870280239
PWY-8178: pentose phosphate pathway (non-oxidative branch) II|g__Bifidobacterium.s__Bifidobacterium_bifidum	0.0000000000
PWY-8178: pentose phosphate pathway (non-oxidative branch) II|g__Catenibacterium.s__Catenibacterium_mitsuokai	0.5668772765
PWY-8178: pentose phosphate pathway (non-oxidative branch) II|g__Blautia.s__Blautia_wexlerae	0.0000000000
PWY-8178: pentose phosphate pathway (non-oxidative branch) II|g__Blautia.s__Blautia_sp_AF19_10LB	0.5411309761
PWY-8178: pentose phosphate pathway (non-oxidative branch) II|g__Blautia.s__Blautia_obeum	0.0000000000
PWY-8178: pentose phosphate pathway (non-oxidative branch) II|g__Erysipelatoclostridium.s__Clostridium_innocuum	0.8553818550
PWY-8178: pentose phosphate pathway (non-oxidative branch) II|g__Agathobaculum.s__Agathobaculum_butyriciproducens	0.4678878922
PWY-8178: pentose phosphate pathway (non-oxidative branch) II|g__Clostridium.s__Clostridium_disporicum	0.1659643065
PWY-8178: pentose phosphate pathway (non-oxidative branch) II|g__Streptococcus.s__Streptococcus_pneumoniae	0.4018690820
PWY-8178: pentose phosphate pathway (non-oxidative branch) II|g__Streptococcus.s__Streptococcus_salivarius	0.2042812270
ARGSYN-PWY: L-arginine biosynthesis I (via L-ornithine)	1.0000000000
ARGSYN-PWY: L-arginine biosynthesis I (via L-ornithine)|unclassified	0.8028854384
ARGSYN-PWY: L-arginine biosynthesis I (via L-ornithine)|g__Bifidobacterium.s__Bifidobacterium_bifidum	0.0000000000
ARGSYN-PWY: L-arginine biosynthesis I (via L-ornithine)|g__Bifidobacterium.s__Bifidobacterium_adolescentis	0.0000240443
ARGSYN-PWY: L-arginine biosynthesis I (via L-ornithine)|g__Lachnospiraceae_unclassified.s__Eubacterium_rectale	0.0021550596
ARGSYN-PWY: L-arginine biosynthesis I (via L-ornithine)|g__Anaerostipes.s__Anaerostipes_hadrus	0.0000000869
ARGSYN-PWY: L-arginine biosynthesis I (via L-ornithine)|g__Roseburia.s__Roseburia_faecis	0.0847804937
ARGSYN-PWY: L-arginine biosynthesis I (via L-ornithine)|g__Blautia.s__Blautia_wexlerae	0.1392254553
ARGSYN-PWY: L-arginine biosynthesis I (via L-ornithine)|g__Faecalibacterium.s__Faecalibacterium_prausnitzii	0.4409589706
ARGSYN-PWY: L-arginine biosynthesis I (via L-ornithine)|g__Catenibacterium.s__Catenibacterium_mitsuokai	0.0849087283
ARGSYN-PWY: L-arginine biosynthesis I (via L-ornithine)|g__Gemmiger.s__Gemmiger_formicilis	0.7714638832
ARGSYN-PWY: L-arginine biosynthesis I (via L-ornithine)|g__Roseburia.s__Roseburia_hominis	0.1894473096
ARGSYN-PWY: L-arginine biosynthesis I (via L-ornithine)|g__Bifidobacterium.s__Bifidobacterium_breve	0.0000000000
ARGSYN-PWY: L-arginine biosynthesis I (via L-ornithine)|g__Sellimonas.s__Sellimonas_intestinalis	0.2139078864
ARGSYN-PWY: L-arginine biosynthesis I (via L-ornithine)|g__Blautia.s__Blautia_sp_AF19_10LB	0.0570820113
ARGSYN-PWY: L-arginine biosynthesis I (via L-ornithine)|g__Clostridiales_unclassified.s__Clostridiales_bacterium_KLE1615	0.1292625035
ARGSYN-PWY: L-arginine biosynthesis I (via L-ornithine)|g__Ruminococcus.s__Ruminococcus_lactaris	0.0540793872
ARGSYN-PWY: L-arginine biosynthesis I (via L-ornithine)|g__Clostridium.s__Clostridium_disporicum	0.0440462908
ARGSYN-PWY: L-arginine biosynthesis I (via L-ornithine)|g__Streptococcus.s__Streptococcus_pneumoniae	0.3787719292
ARGSYN-PWY: L-arginine biosynthesis I (via L-ornithine)|g__Streptococcus.s__Streptococcus_salivarius	0.3468657910
CALVIN-PWY: Calvin-Benson-Bassham cycle	1.0000000000
CALVIN-PWY: Calvin-Benson-Bassham cycle|unclassified	1.0000000000
CALVIN-PWY: Calvin-Benson-Bassham cycle|g__Lachnospiraceae_unclassified.s__Eubacterium_rectale	0.2413773613
CALVIN-PWY: Calvin-Benson-Bassham cycle|g__Anaerostipes.s__Anaerostipes_hadrus	0.0000171482
CALVIN-PWY: Calvin-Benson-Bassham cycle|g__Blautia.s__Blautia_wexlerae	0.0007168852
CALVIN-PWY: Calvin-Benson-Bassham cycle|g__Roseburia.s__Roseburia_faecis	0.0605647877
CALVIN-PWY: Calvin-Benson-Bassham cycle|g__Catenibacterium.s__Catenibacterium_mitsuokai	0.0000000000
CALVIN-PWY: Calvin-Benson-Bassham cycle|g__Blautia.s__Blautia_sp_AF19_10LB	0.0719171628
CALVIN-PWY: Calvin-Benson-Bassham cycle|g__Blautia.s__Blautia_obeum	0.0000000000
ANAGLYCOLYSIS-PWY: glycolysis III (from glucose)	1.0000000000
ANAGLYCOLYSIS-PWY: glycolysis III (from glucose)|unclassified	0.0000000000
ANAGLYCOLYSIS-PWY: glycolysis III (from glucose)|g__Anaerostipes.s__Anaerostipes_hadrus	0.0000012365
ANAGLYCOLYSIS-PWY: glycolysis III (from glucose)|g__Lachnospiraceae_unclassified.s__Eubacterium_rectale	0.0062745516
ANAGLYCOLYSIS-PWY: glycolysis III (from glucose)|g__Roseburia.s__Roseburia_faecis	0.0017930115
ANAGLYCOLYSIS-PWY: glycolysis III (from glucose)|g__Catenibacterium.s__Catenibacterium_mitsuokai	0.0913671138
ANAGLYCOLYSIS-PWY: glycolysis III (from glucose)|g__Roseburia.s__Roseburia_hominis	0.0000000388
ANAGLYCOLYSIS-PWY: glycolysis III (from glucose)|g__Blautia.s__Blautia_wexlerae	0.0000000000
ANAGLYCOLYSIS-PWY: glycolysis III (from glucose)|g__Ruminococcus.s__Ruminococcus_sp_AF31_8BH	0.2821795520
ANAGLYCOLYSIS-PWY: glycolysis III (from glucose)|g__Streptococcus.s__Streptococcus_salivarius	0.3935499355
ANAGLYCOLYSIS-PWY: glycolysis III (from glucose)|g__Blautia.s__Blautia_obeum	0.0000000000
PWY-6122: 5-aminoimidazole ribonucleotide biosynthesis II	1.0000000000
PWY-6122: 5-aminoimidazole ribonucleotide biosynthesis II|unclassified	0.9999999834
PWY-6122: 5-aminoimidazole ribonucleotide biosynthesis II|g__Bifidobacterium.s__Bifidobacterium_bifidum	0.1605916923
PWY-6122: 5-aminoimidazole ribonucleotide biosynthesis II|g__Bifidobacterium.s__Bifidobacterium_adolescentis	0.0000084477
PWY-6122: 5-aminoimidazole ribonucleotide biosynthesis II|g__Ruminococcus.s__Ruminococcus_bromii	0.0000000009
PWY-6122: 5-aminoimidazole ribonucleotide biosynthesis II|g__Bifidobacterium.s__Bifidobacterium_breve	1.0000000000
PWY-6122: 5-aminoimidazole ribonucleotide biosynthesis II|g__Lachnospiraceae_unclassified.s__Eubacterium_rectale	0.0488286797
PWY-6122: 5-aminoimidazole ribonucleotide biosynthesis II|g__Anaerostipes.s__Anaerostipes_hadrus	0.0005890250
PWY-6122: 5-aminoimidazole ribonucleotide biosynthesis II|g__Roseburia.s__Roseburia_faecis	0.0515703733
PWY-6122: 5-aminoimidazole ribonucleotide biosynthesis II|g__Catenibacterium.s__Catenibacterium_mitsuokai	0.5765097217
PWY-6122: 5-aminoimidazole ribonucleotide biosynthesis II|g__Faecalibacterium.s__Faecalibacterium_prausnitzii	0.8469297422
PWY-6122: 5-aminoimidazole ribonucleotide biosynthesis II|g__Blautia.s__Blautia_obeum	0.2244983074
PWY-6122: 5-aminoimidazole ribonucleotide biosynthesis II|g__Roseburia.s__Roseburia_hominis	0.1379829003
PWY-6122: 5-aminoimidazole ribonucleotide biosynthesis II|g__Blautia.s__Blautia_wexlerae	0.0015400888
PWY-6122: 5-aminoimidazole ribonucleotide biosynthesis II|g__Dialister.s__Dialister_invisus	0.4317324355
PWY-6122: 5-aminoimidazole ribonucleotide biosynthesis II|g__Gemmiger.s__Gemmiger_formicilis	0.0542542784
PWY-6122: 5-aminoimidazole ribonucleotide biosynthesis II|g__Blautia.s__Blautia_sp_AF19_10LB	0.7337783540
PWY-6122: 5-aminoimidazole ribonucleotide biosynthesis II|g__Sellimonas.s__Sellimonas_intestinalis	0.0093376461
PWY-6122: 5-aminoimidazole ribonucleotide biosynthesis II|g__Eggerthella.s__Eggerthella_lenta	0.9111148382
PWY-6122: 5-aminoimidazole ribonucleotide biosynthesis II|g__Senegalimassilia.s__Senegalimassilia_anaerobia	0.6035399419
PWY-6122: 5-aminoimidazole ribonucleotide biosynthesis II|g__Erysipelatoclostridium.s__Clostridium_innocuum	0.3826995428
PWY-6122: 5-aminoimidazole ribonucleotide biosynthesis II|g__Clostridiales_unclassified.s__Clostridiales_bacterium_KLE1615	0.1112392020
PWY-6122: 5-aminoimidazole ribonucleotide biosynthesis II|g__Agathobaculum.s__Agathobaculum_butyriciproducens	0.3805183272
PWY-6122: 5-aminoimidazole ribonucleotide biosynthesis II|g__Bacteroides.s__Bacteroides_stercoris	0.0586127550
PWY-6122: 5-aminoimidazole ribonucleotide biosynthesis II|g__Clostridium.s__Clostridium_disporicum	0.2014027680
PWY-6122: 5-aminoimidazole ribonucleotide biosynthesis II|g__Ruminococcus.s__Ruminococcus_lactaris	0.0167596477
PWY-6122: 5-aminoimidazole ribonucleotide biosynthesis II|g__Streptococcus.s__Streptococcus_salivarius	0.5101856365
PWY-6122: 5-aminoimidazole ribonucleotide biosynthesis II|g__Bacteroides.s__Bacteroides_xylanisolvens	0.2938336791
PWY-6122: 5-aminoimidazole ribonucleotide biosynthesis II|g__Actinomyces.s__Actinomyces_sp_HMSC035G02	0.5646789731
PWY-6122: 5-aminoimidazole ribonucleotide biosynthesis II|g__Erysipelatoclostridium.s__Clostridium_spiroforme	0.0264593678
PWY-6122: 5-aminoimidazole ribonucleotide biosynthesis II|g__Streptococcus.s__Streptococcus_vestibularis	0.7131271921
PWY-6122: 5-aminoimidazole ribonucleotide biosynthesis II|g__Bacteroides.s__Bacteroides_caccae	0.4337903973
PWY-6122: 5-aminoimidazole ribonucleotide biosynthesis II|g__Streptococcus.s__Streptococcus_parasanguinis	0.0372142098
PWY-6122: 5-aminoimidazole ribonucleotide biosynthesis II|g__Erysipelatoclostridium.s__Erysipelatoclostridium_ramosum	0.3354851322
PWY-6122: 5-aminoimidazole ribonucleotide biosynthesis II|g__Bacteroides.s__Bacteroides_thetaiotaomicron	0.1403447502
PWY-6277: superpathway of 5-aminoimidazole ribonucleotide biosynthesis	1.0000000000
PWY-6277: superpathway of 5-aminoimidazole ribonucleotide biosynthesis|unclassified	0.9999999834
PWY-6277: superpathway of 5-aminoimidazole ribonucleotide biosynthesis|g__Bifidobacterium.s__Bifidobacterium_bifidum	0.1605916923
PWY-6277: superpathway of 5-aminoimidazole ribonucleotide biosynthesis|g__Bifidobacterium.s__Bifidobacterium_adolescentis	0.0000084477
PWY-6277: superpathway of 5-aminoimidazole ribonucleotide biosynthesis|g__Ruminococcus.s__Ruminococcus_bromii	0.0000000009
PWY-6277: superpathway of 5-aminoimidazole ribonucleotide biosynthesis|g__Bifidobacterium.s__Bifidobacterium_breve	1.0000000000
PWY-6277: superpathway of 5-aminoimidazole ribonucleotide biosynthesis|g__Lachnospiraceae_unclassified.s__Eubacterium_rectale	0.0488286797
PWY-6277: superpathway of 5-aminoimidazole ribonucleotide biosynthesis|g__Anaerostipes.s__Anaerostipes_hadrus	0.0005890250
PWY-6277: superpathway of 5-aminoimidazole ribonucleotide biosynthesis|g__Roseburia.s__Roseburia_faecis	0.0515703733
PWY-6277: superpathway of 5-aminoimidazole ribonucleotide biosynthesis|g__Catenibacterium.s__Catenibacterium_mitsuokai	0.5765097217
PWY-6277: superpathway of 5-aminoimidazole ribonucleotide biosynthesis|g__Faecalibacterium.s__Faecalibacterium_prausnitzii	0.8469297422
PWY-6277: superpathway of 5-aminoimidazole ribonucleotide biosynthesis|g__Blautia.s__Blautia_obeum	0.2244983074
PWY-6277: superpathway of 5-aminoimidazole ribonucleotide biosynthesis|g__Roseburia.s__Roseburia_hominis	0.1379829003
PWY-6277: superpathway of 5-aminoimidazole ribonucleotide biosynthesis|g__Blautia.s__Blautia_wexlerae	0.0015400888
PWY-6277: superpathway of 5-aminoimidazole ribonucleotide biosynthesis|g__Dialister.s__Dialister_invisus	0.4317324355
PWY-6277: superpathway of 5-aminoimidazole ribonucleotide biosynthesis|g__Gemmiger.s__Gemmiger_formicilis	0.0542542784
PWY-6277: superpathway of 5-aminoimidazole ribonucleotide biosynthesis|g__Blautia.s__Blautia_sp_AF19_10LB	0.7337783540
PWY-6277: superpathway of 5-aminoimidazole ribonucleotide biosynthesis|g__Sellimonas.s__Sellimonas_intestinalis	0.0093376461
PWY-6277: superpathway of 5-aminoimidazole ribonucleotide biosynthesis|g__Eggerthella.s__Eggerthella_lenta	0.9111148382
PWY-6277: superpathway of 5-aminoimidazole ribonucleotide biosynthesis|g__Senegalimassilia.s__Senegalimassilia_anaerobia	0.6035399419
PWY-6277: superpathway of 5-aminoimidazole ribonucleotide biosynthesis|g__Erysipelatoclostridium.s__Clostridium_innocuum	0.3826995428
PWY-6277: superpathway of 5-aminoimidazole ribonucleotide biosynthesis|g__Clostridiales_unclassified.s__Clostridiales_bacterium_KLE1615	0.1112392020
PWY-6277: superpathway of 5-aminoimidazole ribonucleotide biosynthesis|g__Agathobaculum.s__Agathobaculum_butyriciproducens	0.3805183272
PWY-6277: superpathway of 5-aminoimidazole ribonucleotide biosynthesis|g__Bacteroides.s__Bacteroides_stercoris	0.0586127550
PWY-6277: superpathway of 5-aminoimidazole ribonucleotide biosynthesis|g__Clostridium.s__Clostridium_disporicum	0.2014027680
PWY-6277: superpathway of 5-aminoimidazole ribonucleotide biosynthesis|g__Ruminococcus.s__Ruminococcus_lactaris	0.0167596477
PWY-6277: superpathway of 5-aminoimidazole ribonucleotide biosynthesis|g__Streptococcus.s__Streptococcus_salivarius	0.5101856365
PWY-6277: superpathway of 5-aminoimidazole ribonucleotide biosynthesis|g__Bacteroides.s__Bacteroides_xylanisolvens	0.2938336791
PWY-6277: superpathway of 5-aminoimidazole ribonucleotide biosynthesis|g__Actinomyces.s__Actinomyces_sp_HMSC035G02	0.5646789731
PWY-6277: superpathway of 5-aminoimidazole ribonucleotide biosynthesis|g__Erysipelatoclostridium.s__Clostridium_spiroforme	0.0264593678
PWY-6277: superpathway of 5-aminoimidazole ribonucleotide biosynthesis|g__Streptococcus.s__Streptococcus_vestibularis	0.7131271921
PWY-6277: superpathway of 5-aminoimidazole ribonucleotide biosynthesis|g__Bacteroides.s__Bacteroides_caccae	0.4337903973
PWY-6277: superpathway of 5-aminoimidazole ribonucleotide biosynthesis|g__Streptococcus.s__Streptococcus_parasanguinis	0.0372142098
PWY-6277: superpathway of 5-aminoimidazole ribonucleotide biosynthesis|g__Erysipelatoclostridium.s__Erysipelatoclostridium_ramosum	0.3354851322
PWY-6277: superpathway of 5-aminoimidazole ribonucleotide biosynthesis|g__Bacteroides.s__Bacteroides_thetaiotaomicron	0.1403447502
TRNA-CHARGING-PWY: tRNA charging	1.0000000000
TRNA-CHARGING-PWY: tRNA charging|unclassified	0.8098169716
TRNA-CHARGING-PWY: tRNA charging|g__Lachnospiraceae_unclassified.s__Eubacterium_rectale	0.0031713725
TRNA-CHARGING-PWY: tRNA charging|g__Anaerostipes.s__Anaerostipes_hadrus	0.0000000000
TRNA-CHARGING-PWY: tRNA charging|g__Faecalibacterium.s__Faecalibacterium_prausnitzii	0.0000083665
TRNA-CHARGING-PWY: tRNA charging|g__Catenibacterium.s__Catenibacterium_mitsuokai	0.0000000000
TRNA-CHARGING-PWY: tRNA charging|g__Gemmiger.s__Gemmiger_formicilis	0.2056147210
TRNA-CHARGING-PWY: tRNA charging|g__Erysipelatoclostridium.s__Clostridium_innocuum	0.0464990805
TRNA-CHARGING-PWY: tRNA charging|g__Streptococcus.s__Streptococcus_vestibularis	0.1566183585
NONOXIPENT-PWY: pentose phosphate pathway (non-oxidative branch) I	1.0000000000
NONOXIPENT-PWY: pentose phosphate pathway (non-oxidative branch) I|unclassified	1.0000000000
NONOXIPENT-PWY: pentose phosphate pathway (non-oxidative branch) I|g__Lachnospiraceae_unclassified.s__Eubacterium_rectale	0.0183558418
NONOXIPENT-PWY: pentose phosphate pathway (non-oxidative branch) I|g__Roseburia.s__Roseburia_faecis	0.4585527612
NONOXIPENT-PWY: pentose phosphate pathway (non-oxidative branch) I|g__Roseburia.s__Roseburia_hominis	0.8643866875
NONOXIPENT-PWY: pentose phosphate pathway (non-oxidative branch) I|g__Anaerostipes.s__Anaerostipes_hadrus	0.0000055828
NONOXIPENT-PWY: pentose phosphate pathway (non-oxidative branch) I|g__Catenibacterium.s__Catenibacterium_mitsuokai	0.9984781939
NONOXIPENT-PWY: pentose phosphate pathway (non-oxidative branch) I|g__Bifidobacterium.s__Bifidobacterium_bifidum	0.0000000000
NONOXIPENT-PWY: pentose phosphate pathway (non-oxidative branch) I|g__Blautia.s__Blautia_sp_AF19_10LB	0.4662451590
NONOXIPENT-PWY: pentose phosphate pathway (non-oxidative branch) I|g__Blautia.s__Blautia_wexlerae	0.0000000000
NONOXIPENT-PWY: pentose phosphate pathway (non-oxidative branch) I|g__Erysipelatoclostridium.s__Clostridium_innocuum	0.9870824274
NONOXIPENT-PWY: pentose phosphate pathway (non-oxidative branch) I|g__Blautia.s__Blautia_obeum	0.0000000000
NONOXIPENT-PWY: pentose phosphate pathway (non-oxidative branch) I|g__Clostridiales_unclassified.s__Clostridiales_bacterium_KLE1615	0.1706346177
NONOXIPENT-PWY: pentose phosphate pathway (non-oxidative branch) I|g__Agathobaculum.s__Agathobaculum_butyriciproducens	0.5031100600
NONOXIPENT-PWY: pentose phosphate pathway (non-oxidative branch) I|g__Clostridium.s__Clostridium_disporicum	0.1575965844
NONOXIPENT-PWY: pentose phosphate pathway (non-oxidative branch) I|g__Streptococcus.s__Streptococcus_pneumoniae	0.3678253021
NONOXIPENT-PWY: pentose phosphate pathway (non-oxidative branch) I|g__Streptococcus.s__Streptococcus_salivarius	0.1703888867
GLUTORN-PWY: L-ornithine biosynthesis I	1.0000000000
GLUTORN-PWY: L-ornithine biosynthesis I|unclassified	1.0000000000
GLUTORN-PWY: L-ornithine biosynthesis I|g__Ruminococcus.s__Ruminococcus_bromii	0.5248811588
GLUTORN-PWY: L-ornithine biosynthesis I|g__Bifidobacterium.s__Bifidobacterium_adolescentis	0.0435517574
GLUTORN-PWY: L-ornithine biosynthesis I|g__Bifidobacterium.s__Bifidobacterium_bifidum	0.0000000000
GLUTORN-PWY: L-ornithine biosynthesis I|g__Lachnospiraceae_unclassified.s__Eubacterium_rectale	0.0367153383
GLUTORN-PWY: L-ornithine biosynthesis I|g__Anaerostipes.s__Anaerostipes_hadrus	0.0000000181
GLUTORN-PWY: L-ornithine biosynthesis I|g__Roseburia.s__Roseburia_faecis	0.0283101840
GLUTORN-PWY: L-ornithine biosynthesis I|g__Faecalibacterium.s__Faecalibacterium_prausnitzii	0.1420578686
GLUTORN-PWY: L-ornithine biosynthesis I|g__Catenibacterium.s__Catenibacterium_mitsuokai	0.2108920431
GLUTORN-PWY: L-ornithine biosynthesis I|g__Blautia.s__Blautia_wexlerae	0.0325985702
GLUTORN-PWY: L-ornithine biosynthesis I|g__Roseburia.s__Roseburia_hominis	0.3033080583
GLUTORN-PWY: L-ornithine biosynthesis I|g__Gemmiger.s__Gemmiger_formicilis	0.5082217199
GLUTORN-PWY: L-ornithine biosynthesis I|g__Bifidobacterium.s__Bifidobacterium_breve	0.0000000000
GLUTORN-PWY: L-ornithine biosynthesis I|g__Blautia.s__Blautia_sp_AF19_10LB	0.1179303600
GLUTORN-PWY: L-ornithine biosynthesis I|g__Sellimonas.s__Sellimonas_intestinalis	0.0674725733
GLUTORN-PWY: L-ornithine biosynthesis I|g__Clostridiales_unclassified.s__Clostridiales_bacterium_KLE1615	0.0374359367
GLUTORN-PWY: L-ornithine biosynthesis I|g__Ruminococcus.s__Ruminococcus_lactaris	0.0209865333
GLUTORN-PWY: L-ornithine biosynthesis I|g__Clostridium.s__Clostridium_disporicum	0.0157032878
GLUTORN-PWY: L-ornithine biosynthesis I|g__Streptococcus.s__Streptococcus_pneumoniae	0.3164483846
GLUTORN-PWY: L-ornithine biosynthesis I|g__Streptococcus.s__Streptococcus_salivarius	0.1177325691
GLUTORN-PWY: L-ornithine biosynthesis I|g__Streptococcus.s__Streptococcus_vestibularis	0.2288082266
PWY-5097: L-lysine biosynthesis VI	1.0000000000
PWY-5097: L-lysine biosynthesis VI|unclassified	0.5854615769
PWY-5097: L-lysine biosynthesis VI|g__Bifidobacterium.s__Bifidobacterium_adolescentis	0.5832978946
PWY-5097: L-lysine biosynthesis VI|g__Bifidobacterium.s__Bifidobacterium_bifidum	0.0003065520
PWY-5097: L-lysine biosynthesis VI|g__Ruminococcus.s__Ruminococcus_bromii	0.0000000699
PWY-5097: L-lysine biosynthesis VI|g__Anaerostipes.s__Anaerostipes_hadrus	0.0003477539
PWY-5097: L-lysine biosynthesis VI|g__Roseburia.s__Roseburia_hominis	0.6542289184
PWY-5097: L-lysine biosynthesis VI|g__Blautia.s__Blautia_wexlerae	0.0050329262
PWY-5097: L-lysine biosynthesis VI|g__Blautia.s__Blautia_obeum	0.1570973275
PWY-5097: L-lysine biosynthesis VI|g__Lachnospiraceae_unclassified.s__Eubacterium_rectale	0.0000000000
PWY-5097: L-lysine biosynthesis VI|g__Catenibacterium.s__Catenibacterium_mitsuokai	0.0000104923
PWY-5097: L-lysine biosynthesis VI|g__Faecalibacterium.s__Faecalibacterium_prausnitzii	0.0000026575
PWY-5097: L-lysine biosynthesis VI|g__Gemmiger.s__Gemmiger_formicilis	0.0212098324
PWY-5097: L-lysine biosynthesis VI|g__Bifidobacterium.s__Bifidobacterium_breve	0.0000000000
PWY-5097: L-lysine biosynthesis VI|g__Dialister.s__Dialister_invisus	0.0280330932
PWY-5097: L-lysine biosynthesis VI|g__Blautia.s__Blautia_sp_AF19_10LB	0.0023120273
PWY-5097: L-lysine biosynthesis VI|g__Erysipelatoclostridium.s__Clostridium_innocuum	0.8333605292
PWY-5097: L-lysine biosynthesis VI|g__Senegalimassilia.s__Senegalimassilia_anaerobia	0.0038310495
PWY-5097: L-lysine biosynthesis VI|g__Bacteroides.s__Bacteroides_stercoris	0.1012434461
PWY-5097: L-lysine biosynthesis VI|g__Erysipelatoclostridium.s__Clostridium_spiroforme	0.2585073394
PWY-5097: L-lysine biosynthesis VI|g__Bacteroides.s__Bacteroides_xylanisolvens	0.3492963442
PWY-2942: L-lysine biosynthesis III	1.0000000000
PWY-2942: L-lysine biosynthesis III|unclassified	0.0360609770
PWY-2942: L-lysine biosynthesis III|g__Bifidobacterium.s__Bifidobacterium_adolescentis	0.9932432250
PWY-2942: L-lysine biosynthesis III|g__Bifidobacterium.s__Bifidobacterium_bifidum	0.0002627704
PWY-2942: L-lysine biosynthesis III|g__Anaerostipes.s__Anaerostipes_hadrus	0.0006787571
PWY-2942: L-lysine biosynthesis III|g__Roseburia.s__Roseburia_hominis	0.6780370005
PWY-2942: L-lysine biosynthesis III|g__Bifidobacterium.s__Bifidobacterium_breve	0.3103800751
PWY-2942: L-lysine biosynthesis III|g__Blautia.s__Blautia_obeum	0.5897623183
PWY-2942: L-lysine biosynthesis III|g__Catenibacterium.s__Catenibacterium_mitsuokai	0.0000089934
PWY-2942: L-lysine biosynthesis III|g__Blautia.s__Blautia_wexlerae	0.0000000110
PWY-2942: L-lysine biosynthesis III|g__Dialister.s__Dialister_invisus	0.0306759165
PWY-2942: L-lysine biosynthesis III|g__Blautia.s__Blautia_sp_AF19_10LB	0.6573626725
PWY-2942: L-lysine biosynthesis III|g__Erysipelatoclostridium.s__Clostridium_innocuum	0.8577789176
PWY-2942: L-lysine biosynthesis III|g__Senegalimassilia.s__Senegalimassilia_anaerobia	0.1667892946
PWY-2942: L-lysine biosynthesis III|g__Eggerthella.s__Eggerthella_lenta	0.5420747463
PWY-2942: L-lysine biosynthesis III|g__Bacteroides.s__Bacteroides_stercoris	0.0907533639
PWY-2942: L-lysine biosynthesis III|g__Ruminococcus.s__Ruminococcus_lactaris	0.0804085911
PWY-2942: L-lysine biosynthesis III|g__Flavonifractor.s__Flavonifractor_plautii	0.3678691024
PWY-2942: L-lysine biosynthesis III|g__Erysipelatoclostridium.s__Clostridium_spiroforme	0.2576405050
PWY-2942: L-lysine biosynthesis III|g__Bacteroides.s__Bacteroides_xylanisolvens	0.3566370257
PWY-2942: L-lysine biosynthesis III|g__Bacteroides.s__Bacteroides_thetaiotaomicron	0.7087631919
PWY-6385: peptidoglycan biosynthesis III (mycobacteria)	1.0000000000
PWY-6385: peptidoglycan biosynthesis III (mycobacteria)|unclassified	0.9589367235
PWY-6385: peptidoglycan biosynthesis III (mycobacteria)|g__Bifidobacterium.s__Bifidobacterium_adolescentis	0.0000000000
PWY-6385: peptidoglycan biosynthesis III (mycobacteria)|g__Bifidobacterium.s__Bifidobacterium_bifidum	0.0000000001
PWY-6385: peptidoglycan biosynthesis III (mycobacteria)|g__Lachnospiraceae_unclassified.s__Eubacterium_rectale	0.0002234382
PWY-6385: peptidoglycan biosynthesis III (mycobacteria)|g__Anaerostipes.s__Anaerostipes_hadrus	0.0000225387
PWY-6385: peptidoglycan biosynthesis III (mycobacteria)|g__Roseburia.s__Roseburia_faecis	0.0523700904
PWY-6385: peptidoglycan biosynthesis III (mycobacteria)|g__Blautia.s__Blautia_wexlerae	0.0000000000
PWY-6385: peptidoglycan biosynthesis III (mycobacteria)|g__Catenibacterium.s__Catenibacterium_mitsuokai	0.0000000000
PWY-6385: peptidoglycan biosynthesis III (mycobacteria)|g__Blautia.s__Blautia_obeum	0.0007120542
PWY-6385: peptidoglycan biosynthesis III (mycobacteria)|g__Dialister.s__Dialister_invisus	0.2231097728
PWY-6385: peptidoglycan biosynthesis III (mycobacteria)|g__Blautia.s__Blautia_sp_AF19_10LB	0.4830725053
PWY-6385: peptidoglycan biosynthesis III (mycobacteria)|g__Sellimonas.s__Sellimonas_intestinalis	0.2436343963
PWY-6385: peptidoglycan biosynthesis III (mycobacteria)|g__Eggerthella.s__Eggerthella_lenta	0.7073654688
PWY-6385: peptidoglycan biosynthesis III (mycobacteria)|g__Senegalimassilia.s__Senegalimassilia_anaerobia	0.1758589250
PWY-6385: peptidoglycan biosynthesis III (mycobacteria)|g__Bacteroides.s__Bacteroides_stercoris	0.4459069050
PWY-6385: peptidoglycan biosynthesis III (mycobacteria)|g__Erysipelatoclostridium.s__Clostridium_innocuum	0.1427688978
PWY-6385: peptidoglycan biosynthesis III (mycobacteria)|g__Bacteroides.s__Bacteroides_vulgatus	0.0999635912
PWY-6385: peptidoglycan biosynthesis III (mycobacteria)|g__Blautia.s__Blautia_producta	0.1885699837
PWY-6385: peptidoglycan biosynthesis III (mycobacteria)|g__Streptococcus.s__Streptococcus_pneumoniae	0.0925232476
PWY-6121: 5-aminoimidazole ribonucleotide biosynthesis I	1.0000000000
PWY-6121: 5-aminoimidazole ribonucleotide biosynthesis I|unclassified	0.9999998504
PWY-6121: 5-aminoimidazole ribonucleotide biosynthesis I|g__Bifidobacterium.s__Bifidobacterium_bifidum	0.0000000842
PWY-6121: 5-aminoimidazole ribonucleotide biosynthesis I|g__Ruminococcus.s__Ruminococcus_bromii	0.0000000011
PWY-6121: 5-aminoimidazole ribonucleotide biosynthesis I|g__Bifidobacterium.s__Bifidobacterium_adolescentis	0.0000000000
PWY-6121: 5-aminoimidazole ribonucleotide biosynthesis I|g__Lachnospiraceae_unclassified.s__Eubacterium_rectale	0.0360706410
PWY-6121: 5-aminoimidazole ribonucleotide biosynthesis I|g__Bifidobacterium.s__Bifidobacterium_breve	1.0000000000
PWY-6121: 5-aminoimidazole ribonucleotide biosynthesis I|g__Anaerostipes.s__Anaerostipes_hadrus	0.0007360425
PWY-6121: 5-aminoimidazole ribonucleotide biosynthesis I|g__Roseburia.s__Roseburia_faecis	0.0533456178
PWY-6121: 5-aminoimidazole ribonucleotide biosynthesis I|g__Faecalibacterium.s__Faecalibacterium_prausnitzii	0.6078344428
PWY-6121: 5-aminoimidazole ribonucleotide biosynthesis I|g__Catenibacterium.s__Catenibacterium_mitsuokai	0.2840385331
PWY-6121: 5-aminoimidazole ribonucleotide biosynthesis I|g__Blautia.s__Blautia_obeum	0.2657054504
PWY-6121: 5-aminoimidazole ribonucleotide biosynthesis I|g__Roseburia.s__Roseburia_hominis	0.0013331131
PWY-6121: 5-aminoimidazole ribonucleotide biosynthesis I|g__Blautia.s__Blautia_wexlerae	0.0000102428
PWY-6121: 5-aminoimidazole ribonucleotide biosynthesis I|g__Dialister.s__Dialister_invisus	0.4306384720
PWY-6121: 5-aminoimidazole ribonucleotide biosynthesis I|g__Gemmiger.s__Gemmiger_formicilis	0.0338055488
PWY-6121: 5-aminoimidazole ribonucleotide biosynthesis I|g__Blautia.s__Blautia_sp_AF19_10LB	0.5506570000
PWY-6121: 5-aminoimidazole ribonucleotide biosynthesis I|g__Sellimonas.s__Sellimonas_intestinalis	0.0116272120
PWY-6121: 5-aminoimidazole ribonucleotide biosynthesis I|g__Senegalimassilia.s__Senegalimassilia_anaerobia	0.0774804997
PWY-6121: 5-aminoimidazole ribonucleotide biosynthesis I|g__Eggerthella.s__Eggerthella_lenta	0.4955513584
PWY-6121: 5-aminoimidazole ribonucleotide biosynthesis I|g__Erysipelatoclostridium.s__Clostridium_innocuum	0.4351070101
PWY-6121: 5-aminoimidazole ribonucleotide biosynthesis I|g__Clostridiales_unclassified.s__Clostridiales_bacterium_KLE1615	0.1300478898
PWY-6121: 5-aminoimidazole ribonucleotide biosynthesis I|g__Agathobaculum.s__Agathobaculum_butyriciproducens	0.4332570006
PWY-6121: 5-aminoimidazole ribonucleotide biosynthesis I|g__Bacteroides.s__Bacteroides_stercoris	0.0719473886
PWY-6121: 5-aminoimidazole ribonucleotide biosynthesis I|g__Clostridium.s__Clostridium_disporicum	0.2148616137
PWY-6121: 5-aminoimidazole ribonucleotide biosynthesis I|g__Streptococcus.s__Streptococcus_vestibularis	0.7518577386
PWY-6121: 5-aminoimidazole ribonucleotide biosynthesis I|g__Streptococcus.s__Streptococcus_salivarius	0.0580522404
PWY-724: superpathway of L-lysine, L-threonine and L-methionine biosynthesis II	1.0000000000
PWY-724: superpathway of L-lysine, L-threonine and L-methionine biosynthesis II|unclassified	0.0006744937
PWY-724: superpathway of L-lysine, L-threonine and L-methionine biosynthesis II|g__Bifidobacterium.s__Bifidobacterium_adolescentis	0.0273526354
PWY-724: superpathway of L-lysine, L-threonine and L-methionine biosynthesis II|g__Bifidobacterium.s__Bifidobacterium_bifidum	0.0004378736
PWY-724: superpathway of L-lysine, L-threonine and L-methionine biosynthesis II|g__Anaerostipes.s__Anaerostipes_hadrus	0.0000016845
PWY-724: superpathway of L-lysine, L-threonine and L-methionine biosynthesis II|g__Roseburia.s__Roseburia_hominis	0.3817073045
PWY-724: superpathway of L-lysine, L-threonine and L-methionine biosynthesis II|g__Catenibacterium.s__Catenibacterium_mitsuokai	0.0000149887
PWY-724: superpathway of L-lysine, L-threonine and L-methionine biosynthesis II|g__Blautia.s__Blautia_obeum	0.0000000002
PWY-724: superpathway of L-lysine, L-threonine and L-methionine biosynthesis II|g__Bifidobacterium.s__Bifidobacterium_breve	0.0000000000
PWY-724: superpathway of L-lysine, L-threonine and L-methionine biosynthesis II|g__Faecalibacterium.s__Faecalibacterium_prausnitzii	0.0000000000
PWY-724: superpathway of L-lysine, L-threonine and L-methionine biosynthesis II|g__Dialister.s__Dialister_invisus	0.0365514720
PWY-724: superpathway of L-lysine, L-threonine and L-methionine biosynthesis II|g__Blautia.s__Blautia_sp_AF19_10LB	0.0030729360
PWY-724: superpathway of L-lysine, L-threonine and L-methionine biosynthesis II|g__Erysipelatoclostridium.s__Clostridium_innocuum	0.0439034010
PWY-724: superpathway of L-lysine, L-threonine and L-methionine biosynthesis II|g__Erysipelatoclostridium.s__Clostridium_spiroforme	0.2816326985
HISTSYN-PWY: L-histidine biosynthesis	1.0000000000
HISTSYN-PWY: L-histidine biosynthesis|unclassified	0.8999164880
HISTSYN-PWY: L-histidine biosynthesis|g__Bifidobacterium.s__Bifidobacterium_bifidum	0.7752179853
HISTSYN-PWY: L-histidine biosynthesis|g__Bifidobacterium.s__Bifidobacterium_adolescentis	0.0000012360
HISTSYN-PWY: L-histidine biosynthesis|g__Ruminococcus.s__Ruminococcus_bromii	0.0000037332
HISTSYN-PWY: L-histidine biosynthesis|g__Catenibacterium.s__Catenibacterium_mitsuokai	0.1433527412
HISTSYN-PWY: L-histidine biosynthesis|g__Faecalibacterium.s__Faecalibacterium_prausnitzii	0.0011819276
HISTSYN-PWY: L-histidine biosynthesis|g__Roseburia.s__Roseburia_hominis	0.0000082063
HISTSYN-PWY: L-histidine biosynthesis|g__Bifidobacterium.s__Bifidobacterium_breve	0.0000001469
HISTSYN-PWY: L-histidine biosynthesis|g__Bacteroides.s__Bacteroides_stercoris	0.3555051961
PWY-7953: UDP-N-acetylmuramoyl-pentapeptide biosynthesis III (meso-diaminopimelate containing)	1.0000000000
PWY-7953: UDP-N-acetylmuramoyl-pentapeptide biosynthesis III (meso-diaminopimelate containing)|unclassified	0.9423526854
PWY-7953: UDP-N-acetylmuramoyl-pentapeptide biosynthesis III (meso-diaminopimelate containing)|g__Bifidobacterium.s__Bifidobacterium_bifidum	0.0000000001
PWY-7953: UDP-N-acetylmuramoyl-pentapeptide biosynthesis III (meso-diaminopimelate containing)|g__Lachnospiraceae_unclassified.s__Eubacterium_rectale	0.0000022468
PWY-7953: UDP-N-acetylmuramoyl-pentapeptide biosynthesis III (meso-diaminopimelate containing)|g__Anaerostipes.s__Anaerostipes_hadrus	0.0000157773
PWY-7953: UDP-N-acetylmuramoyl-pentapeptide biosynthesis III (meso-diaminopimelate containing)|g__Roseburia.s__Roseburia_faecis	0.0377475899
PWY-7953: UDP-N-acetylmuramoyl-pentapeptide biosynthesis III (meso-diaminopimelate containing)|g__Blautia.s__Blautia_wexlerae	0.0000000000
PWY-7953: UDP-N-acetylmuramoyl-pentapeptide biosynthesis III (meso-diaminopimelate containing)|g__Blautia.s__Blautia_obeum	0.0028336090
PWY-7953: UDP-N-acetylmuramoyl-pentapeptide biosynthesis III (meso-diaminopimelate containing)|g__Catenibacterium.s__Catenibacterium_mitsuokai	0.0000000000
PWY-7953: UDP-N-acetylmuramoyl-pentapeptide biosynthesis III (meso-diaminopimelate containing)|g__Dialister.s__Dialister_invisus	0.0916935432
PWY-7953: UDP-N-acetylmuramoyl-pentapeptide biosynthesis III (meso-diaminopimelate containing)|g__Sellimonas.s__Sellimonas_intestinalis	0.3485438487
PWY-7953: UDP-N-acetylmuramoyl-pentapeptide biosynthesis III (meso-diaminopimelate containing)|g__Blautia.s__Blautia_sp_AF19_10LB	0.4090252181
PWY-7953: UDP-N-acetylmuramoyl-pentapeptide biosynthesis III (meso-diaminopimelate containing)|g__Senegalimassilia.s__Senegalimassilia_anaerobia	0.1628925993
PWY-7953: UDP-N-acetylmuramoyl-pentapeptide biosynthesis III (meso-diaminopimelate containing)|g__Eggerthella.s__Eggerthella_lenta	0.5219180549
PWY-7953: UDP-N-acetylmuramoyl-pentapeptide biosynthesis III (meso-diaminopimelate containing)|g__Erysipelatoclostridium.s__Clostridium_innocuum	0.1254534151
PWY-7953: UDP-N-acetylmuramoyl-pentapeptide biosynthesis III (meso-diaminopimelate containing)|g__Bacteroides.s__Bacteroides_stercoris	0.3229515361
PWY-7953: UDP-N-acetylmuramoyl-pentapeptide biosynthesis III (meso-diaminopimelate containing)|g__Ruminococcus.s__Ruminococcus_lactaris	0.1113494979
PWY-7953: UDP-N-acetylmuramoyl-pentapeptide biosynthesis III (meso-diaminopimelate containing)|g__Bacteroides.s__Bacteroides_vulgatus	0.0944096909
PWY-7953: UDP-N-acetylmuramoyl-pentapeptide biosynthesis III (meso-diaminopimelate containing)|g__Blautia.s__Blautia_producta	0.1477555000
PWY-7953: UDP-N-acetylmuramoyl-pentapeptide biosynthesis III (meso-diaminopimelate containing)|g__Streptococcus.s__Streptococcus_pneumoniae	0.0687229007
PWY-7953: UDP-N-acetylmuramoyl-pentapeptide biosynthesis III (meso-diaminopimelate containing)|g__Streptococcus.s__Streptococcus_salivarius	0.0092913186
PWY-6317: D-galactose degradation I (Leloir pathway)	1.0000000000
PWY-6317: D-galactose degradation I (Leloir pathway)|unclassified	0.9999999704
PWY-6317: D-galactose degradation I (Leloir pathway)|g__Anaerostipes.s__Anaerostipes_hadrus	0.0110728308
PWY-6317: D-galactose degradation I (Leloir pathway)|g__Catenibacterium.s__Catenibacterium_mitsuokai	0.9999855773
PWY-6317: D-galactose degradation I (Leloir pathway)|g__Blautia.s__Blautia_wexlerae	0.3612167735
PWY-6317: D-galactose degradation I (Leloir pathway)|g__Roseburia.s__Roseburia_hominis	0.0000002252
PWY-6317: D-galactose degradation I (Leloir pathway)|g__Roseburia.s__Roseburia_faecis	0.0000000000
PWY-6317: D-galactose degradation I (Leloir pathway)|g__Faecalibacterium.s__Faecalibacterium_prausnitzii	0.0003137643
PWY-6317: D-galactose degradation I (Leloir pathway)|g__Blautia.s__Blautia_obeum	0.0000000103
PWY-6317: D-galactose degradation I (Leloir pathway)|g__Bifidobacterium.s__Bifidobacterium_bifidum	0.0000000000
PWY-6317: D-galactose degradation I (Leloir pathway)|g__Clostridiales_unclassified.s__Clostridiales_bacterium_KLE1615	0.0900622592
PWY-6317: D-galactose degradation I (Leloir pathway)|g__Ruminococcus.s__Ruminococcus_lactaris	0.2546697264
PWY-6317: D-galactose degradation I (Leloir pathway)|g__Streptococcus.s__Streptococcus_salivarius	0.1730579688
PWY-6317: D-galactose degradation I (Leloir pathway)|g__Streptococcus.s__Streptococcus_pneumoniae	0.1131809602
COA-PWY-1: superpathway of coenzyme A biosynthesis III (mammals)	1.0000000000
COA-PWY-1: superpathway of coenzyme A biosynthesis III (mammals)|unclassified	1.0000000000
COA-PWY-1: superpathway of coenzyme A biosynthesis III (mammals)|g__Bifidobacterium.s__Bifidobacterium_adolescentis	0.4412522561
COA-PWY-1: superpathway of coenzyme A biosynthesis III (mammals)|g__Lachnospiraceae_unclassified.s__Eubacterium_rectale	0.0000006539
COA-PWY-1: superpathway of coenzyme A biosynthesis III (mammals)|g__Anaerostipes.s__Anaerostipes_hadrus	0.0000002807
COA-PWY-1: superpathway of coenzyme A biosynthesis III (mammals)|g__Roseburia.s__Roseburia_faecis	0.1127440240
COA-PWY-1: superpathway of coenzyme A biosynthesis III (mammals)|g__Faecalibacterium.s__Faecalibacterium_prausnitzii	0.0409717938
COA-PWY-1: superpathway of coenzyme A biosynthesis III (mammals)|g__Catenibacterium.s__Catenibacterium_mitsuokai	0.0314130416
COA-PWY-1: superpathway of coenzyme A biosynthesis III (mammals)|g__Blautia.s__Blautia_obeum	0.4130541506
COA-PWY-1: superpathway of coenzyme A biosynthesis III (mammals)|g__Gemmiger.s__Gemmiger_formicilis	0.0013472842
COA-PWY-1: superpathway of coenzyme A biosynthesis III (mammals)|g__Dialister.s__Dialister_invisus	0.0227797753
COA-PWY-1: superpathway of coenzyme A biosynthesis III (mammals)|g__Blautia.s__Blautia_wexlerae	0.0000000000
COA-PWY-1: superpathway of coenzyme A biosynthesis III (mammals)|g__Senegalimassilia.s__Senegalimassilia_anaerobia	0.0844329059
COA-PWY-1: superpathway of coenzyme A biosynthesis III (mammals)|g__Sellimonas.s__Sellimonas_intestinalis	0.0000452881
COA-PWY-1: superpathway of coenzyme A biosynthesis III (mammals)|g__Eggerthella.s__Eggerthella_lenta	0.2954238476
COA-PWY-1: superpathway of coenzyme A biosynthesis III (mammals)|g__Erysipelatoclostridium.s__Clostridium_innocuum	0.3713298973
COA-PWY-1: superpathway of coenzyme A biosynthesis III (mammals)|g__Blautia.s__Blautia_sp_AF19_10LB	0.0000011953
COA-PWY-1: superpathway of coenzyme A biosynthesis III (mammals)|g__Agathobaculum.s__Agathobaculum_butyriciproducens	0.1544123805
COA-PWY-1: superpathway of coenzyme A biosynthesis III (mammals)|g__Bacteroides.s__Bacteroides_xylanisolvens	0.2587464725
COA-PWY-1: superpathway of coenzyme A biosynthesis III (mammals)|g__Streptococcus.s__Streptococcus_pneumoniae	0.0291981129
PWY-3841: folate transformations II (plants)	1.0000000000
PWY-3841: folate transformations II (plants)|unclassified	0.9941279288
PWY-3841: folate transformations II (plants)|g__Bifidobacterium.s__Bifidobacterium_adolescentis	0.0005143918
PWY-3841: folate transformations II (plants)|g__Lachnospiraceae_unclassified.s__Eubacterium_rectale	0.0015266195
PWY-3841: folate transformations II (plants)|g__Anaerostipes.s__Anaerostipes_hadrus	0.0000000516
PWY-3841: folate transformations II (plants)|g__Roseburia.s__Roseburia_faecis	0.0789690699
PWY-3841: folate transformations II (plants)|g__Blautia.s__Blautia_wexlerae	0.0000000063
PWY-3841: folate transformations II (plants)|g__Catenibacterium.s__Catenibacterium_mitsuokai	0.2399290524
PWY-3841: folate transformations II (plants)|g__Roseburia.s__Roseburia_hominis	0.0154689055
PWY-3841: folate transformations II (plants)|g__Dialister.s__Dialister_invisus	0.7103214778
PWY-3841: folate transformations II (plants)|g__Sellimonas.s__Sellimonas_intestinalis	0.0597638425
PWY-3841: folate transformations II (plants)|g__Bacteroides.s__Bacteroides_stercoris	0.8115472049
PWY-3841: folate transformations II (plants)|g__Clostridiales_unclassified.s__Clostridiales_bacterium_KLE1615	0.0289615382
PWY-3841: folate transformations II (plants)|g__Bacteroides.s__Bacteroides_vulgatus	0.4984770974
PWY-3841: folate transformations II (plants)|g__Blautia.s__Blautia_obeum	0.0000000000
PWY-3841: folate transformations II (plants)|g__Erysipelatoclostridium.s__Clostridium_spiroforme	0.1991980313
PWY-3841: folate transformations II (plants)|g__Bacteroides.s__Bacteroides_xylanisolvens	0.2073589338
PWY-3841: folate transformations II (plants)|g__Streptococcus.s__Streptococcus_equinus	0.7676965658
PWY-3841: folate transformations II (plants)|g__Erysipelatoclostridium.s__Erysipelatoclostridium_ramosum	0.6782202232
PWY-3841: folate transformations II (plants)|g__Bacteroides.s__Bacteroides_thetaiotaomicron	0.4626304029
PWY-3001: superpathway of L-isoleucine biosynthesis I	0.9319043091
PWY-3001: superpathway of L-isoleucine biosynthesis I|g__Bifidobacterium.s__Bifidobacterium_bifidum	0.3446354883
PWY-3001: superpathway of L-isoleucine biosynthesis I|unclassified	0.0000000000
PWY-3001: superpathway of L-isoleucine biosynthesis I|g__Bifidobacterium.s__Bifidobacterium_breve	0.9143015718
PWY-3001: superpathway of L-isoleucine biosynthesis I|g__Catenibacterium.s__Catenibacterium_mitsuokai	0.0000000000
PWY-3001: superpathway of L-isoleucine biosynthesis I|g__Streptococcus.s__Streptococcus_equinus	0.2091598206
PWY-6609: adenine and adenosine salvage III	1.0000000000
PWY-6609: adenine and adenosine salvage III|unclassified	1.0000000000
PWY-6609: adenine and adenosine salvage III|g__Anaerostipes.s__Anaerostipes_hadrus	0.9098080469
PWY-6609: adenine and adenosine salvage III|g__Lachnospiraceae_unclassified.s__Eubacterium_rectale	0.4171752939
PWY-6609: adenine and adenosine salvage III|g__Catenibacterium.s__Catenibacterium_mitsuokai	0.8330923652
PWY-6609: adenine and adenosine salvage III|g__Roseburia.s__Roseburia_hominis	0.9039225611
PWY-6609: adenine and adenosine salvage III|g__Roseburia.s__Roseburia_faecis	0.0009156836
PWY-6609: adenine and adenosine salvage III|g__Blautia.s__Blautia_wexlerae	0.0597707449
PWY-6609: adenine and adenosine salvage III|g__Faecalibacterium.s__Faecalibacterium_prausnitzii	0.0000000000
PWY-6609: adenine and adenosine salvage III|g__Dialister.s__Dialister_invisus	0.4402267027
PWY-6609: adenine and adenosine salvage III|g__Gemmiger.s__Gemmiger_formicilis	0.0002226293
PWY-6609: adenine and adenosine salvage III|g__Sellimonas.s__Sellimonas_intestinalis	0.9961202928
PWY-6609: adenine and adenosine salvage III|g__Blautia.s__Blautia_sp_AF19_10LB	0.7800610695
PWY-6609: adenine and adenosine salvage III|g__Clostridium.s__Clostridium_disporicum	0.9897603012
PWY-6609: adenine and adenosine salvage III|g__Clostridiales_unclassified.s__Clostridiales_bacterium_KLE1615	0.5848720483
PWY-6609: adenine and adenosine salvage III|g__Erysipelatoclostridium.s__Clostridium_innocuum	0.6494085652
PWY-6609: adenine and adenosine salvage III|g__Eggerthella.s__Eggerthella_lenta	0.5538153407
PWY-6609: adenine and adenosine salvage III|g__Agathobaculum.s__Agathobaculum_butyriciproducens	0.4714422592
PWY-6609: adenine and adenosine salvage III|g__Intestinibacter.s__Intestinibacter_bartlettii	0.8461857752
PWY-6609: adenine and adenosine salvage III|g__Bacteroides.s__Bacteroides_xylanisolvens	0.9127598637
PWY-6609: adenine and adenosine salvage III|g__Flavonifractor.s__Flavonifractor_plautii	0.3069400590
PWY-6609: adenine and adenosine salvage III|g__Ruminococcus.s__Ruminococcus_lactaris	0.0995284118
PWY-6609: adenine and adenosine salvage III|g__Bacteroides.s__Bacteroides_stercoris	0.0102038052
PWY-6609: adenine and adenosine salvage III|g__Streptococcus.s__Streptococcus_pneumoniae	0.4602555661
PWY-6609: adenine and adenosine salvage III|g__Erysipelatoclostridium.s__Clostridium_spiroforme	0.0990345625
PWY-6609: adenine and adenosine salvage III|g__Actinomyces.s__Actinomyces_sp_HMSC035G02	0.4271201266
PWY-6609: adenine and adenosine salvage III|g__Blautia.s__Blautia_obeum	0.0000000000
PWY-6609: adenine and adenosine salvage III|g__Bacteroides.s__Bacteroides_caccae	0.2468438463
PWY-6609: adenine and adenosine salvage III|g__Streptococcus.s__Streptococcus_equinus	0.4059986951
PWY-6609: adenine and adenosine salvage III|g__Bacteroides.s__Bacteroides_vulgatus	0.0001332217
PWY-6609: adenine and adenosine salvage III|g__Streptococcus.s__Streptococcus_salivarius	0.0367047033
P41-PWY: pyruvate fermentation to acetate and (S)-lactate I	1.0000000000
P41-PWY: pyruvate fermentation to acetate and (S)-lactate I|unclassified	0.8934322035
P41-PWY: pyruvate fermentation to acetate and (S)-lactate I|g__Bifidobacterium.s__Bifidobacterium_adolescentis	0.0002202023
P41-PWY: pyruvate fermentation to acetate and (S)-lactate I|g__Anaerostipes.s__Anaerostipes_hadrus	0.3852995500
P41-PWY: pyruvate fermentation to acetate and (S)-lactate I|g__Lachnospiraceae_unclassified.s__Eubacterium_rectale	0.0067774775
P41-PWY: pyruvate fermentation to acetate and (S)-lactate I|g__Bifidobacterium.s__Bifidobacterium_breve	1.0000000000
P41-PWY: pyruvate fermentation to acetate and (S)-lactate I|g__Roseburia.s__Roseburia_faecis	0.5331355576
P41-PWY: pyruvate fermentation to acetate and (S)-lactate I|g__Bifidobacterium.s__Bifidobacterium_bifidum	0.0000000000
P41-PWY: pyruvate fermentation to acetate and (S)-lactate I|g__Blautia.s__Blautia_wexlerae	0.0000000000
P41-PWY: pyruvate fermentation to acetate and (S)-lactate I|g__Blautia.s__Blautia_sp_AF19_10LB	0.0042814802
P41-PWY: pyruvate fermentation to acetate and (S)-lactate I|g__Eggerthella.s__Eggerthella_lenta	0.0632509448
P41-PWY: pyruvate fermentation to acetate and (S)-lactate I|g__Erysipelatoclostridium.s__Clostridium_innocuum	0.0454193612
P41-PWY: pyruvate fermentation to acetate and (S)-lactate I|g__Agathobaculum.s__Agathobaculum_butyriciproducens	0.1995997207
P41-PWY: pyruvate fermentation to acetate and (S)-lactate I|g__Clostridium.s__Clostridium_disporicum	0.1444910641
P41-PWY: pyruvate fermentation to acetate and (S)-lactate I|g__Blautia.s__Blautia_obeum	0.0000000000
P41-PWY: pyruvate fermentation to acetate and (S)-lactate I|g__Streptococcus.s__Streptococcus_vestibularis	0.2663103884
P41-PWY: pyruvate fermentation to acetate and (S)-lactate I|g__Streptococcus.s__Streptococcus_equinus	0.1045605911
PWY-5100: pyruvate fermentation to acetate and lactate II	1.0000000000
PWY-5100: pyruvate fermentation to acetate and lactate II|unclassified	0.8934322035
PWY-5100: pyruvate fermentation to acetate and lactate II|g__Anaerostipes.s__Anaerostipes_hadrus	0.6754162916
PWY-5100: pyruvate fermentation to acetate and lactate II|g__Bifidobacterium.s__Bifidobacterium_adolescentis	0.0002202023
PWY-5100: pyruvate fermentation to acetate and lactate II|g__Lachnospiraceae_unclassified.s__Eubacterium_rectale	0.0067774775
PWY-5100: pyruvate fermentation to acetate and lactate II|g__Bifidobacterium.s__Bifidobacterium_breve	1.0000000000
PWY-5100: pyruvate fermentation to acetate and lactate II|g__Roseburia.s__Roseburia_faecis	0.5331355576
PWY-5100: pyruvate fermentation to acetate and lactate II|g__Bifidobacterium.s__Bifidobacterium_bifidum	0.0000000000
PWY-5100: pyruvate fermentation to acetate and lactate II|g__Blautia.s__Blautia_wexlerae	0.0000000000
PWY-5100: pyruvate fermentation to acetate and lactate II|g__Eggerthella.s__Eggerthella_lenta	0.5139107694
PWY-5100: pyruvate fermentation to acetate and lactate II|g__Blautia.s__Blautia_sp_AF19_10LB	0.0042814802
PWY-5100: pyruvate fermentation to acetate and lactate II|g__Erysipelatoclostridium.s__Clostridium_innocuum	0.0454193612
PWY-5100: pyruvate fermentation to acetate and lactate II|g__Agathobaculum.s__Agathobaculum_butyriciproducens	0.1995997207
PWY-5100: pyruvate fermentation to acetate and lactate II|g__Clostridium.s__Clostridium_disporicum	0.1444910641
PWY-5100: pyruvate fermentation to acetate and lactate II|g__Flavonifractor.s__Flavonifractor_plautii	0.4664981164
PWY-5100: pyruvate fermentation to acetate and lactate II|g__Blautia.s__Blautia_producta	0.2551355261
PWY-5100: pyruvate fermentation to acetate and lactate II|g__Blautia.s__Blautia_obeum	0.0000000000
PWY-5100: pyruvate fermentation to acetate and lactate II|g__Streptococcus.s__Streptococcus_vestibularis	0.2663103884
PWY-5100: pyruvate fermentation to acetate and lactate II|g__Streptococcus.s__Streptococcus_equinus	0.1045605911
PWY-6527: stachyose degradation	1.0000000000
PWY-6527: stachyose degradation|unclassified	0.9938719352
PWY-6527: stachyose degradation|g__Lachnospiraceae_unclassified.s__Eubacterium_rectale	0.0008965948
PWY-6527: stachyose degradation|g__Catenibacterium.s__Catenibacterium_mitsuokai	0.9873012308
PWY-6527: stachyose degradation|g__Roseburia.s__Roseburia_faecis	0.0047264173
PWY-6527: stachyose degradation|g__Blautia.s__Blautia_obeum	0.9980956809
PWY-6527: stachyose degradation|g__Blautia.s__Blautia_wexlerae	0.4576769451
PWY-6527: stachyose degradation|g__Anaerostipes.s__Anaerostipes_hadrus	0.0000000000
PWY-6527: stachyose degradation|g__Sellimonas.s__Sellimonas_intestinalis	0.0156647418
PWY-6527: stachyose degradation|g__Faecalibacterium.s__Faecalibacterium_prausnitzii	0.0000000000
PWY-6527: stachyose degradation|g__Clostridiales_unclassified.s__Clostridiales_bacterium_KLE1615	0.0776126322
PWY-6527: stachyose degradation|g__Bifidobacterium.s__Bifidobacterium_bifidum	0.0000000000
PWY-6527: stachyose degradation|g__Ruminococcus.s__Ruminococcus_lactaris	0.2083814374
COA-PWY: coenzyme A biosynthesis I (prokaryotic)	1.0000000000
COA-PWY: coenzyme A biosynthesis I (prokaryotic)|unclassified	1.0000000000
COA-PWY: coenzyme A biosynthesis I (prokaryotic)|g__Bifidobacterium.s__Bifidobacterium_adolescentis	0.3875447233
COA-PWY: coenzyme A biosynthesis I (prokaryotic)|g__Lachnospiraceae_unclassified.s__Eubacterium_rectale	0.2235403853
COA-PWY: coenzyme A biosynthesis I (prokaryotic)|g__Roseburia.s__Roseburia_faecis	0.5210404325
COA-PWY: coenzyme A biosynthesis I (prokaryotic)|g__Anaerostipes.s__Anaerostipes_hadrus	0.0000002246
COA-PWY: coenzyme A biosynthesis I (prokaryotic)|g__Catenibacterium.s__Catenibacterium_mitsuokai	0.1319350222
COA-PWY: coenzyme A biosynthesis I (prokaryotic)|g__Faecalibacterium.s__Faecalibacterium_prausnitzii	0.0432347071
COA-PWY: coenzyme A biosynthesis I (prokaryotic)|g__Blautia.s__Blautia_obeum	0.4672656318
COA-PWY: coenzyme A biosynthesis I (prokaryotic)|g__Gemmiger.s__Gemmiger_formicilis	0.0010781179
COA-PWY: coenzyme A biosynthesis I (prokaryotic)|g__Blautia.s__Blautia_wexlerae	0.0000000002
COA-PWY: coenzyme A biosynthesis I (prokaryotic)|g__Dialister.s__Dialister_invisus	0.0183453838
COA-PWY: coenzyme A biosynthesis I (prokaryotic)|g__Sellimonas.s__Sellimonas_intestinalis	0.1741016198
COA-PWY: coenzyme A biosynthesis I (prokaryotic)|g__Blautia.s__Blautia_sp_AF19_10LB	0.0058567115
COA-PWY: coenzyme A biosynthesis I (prokaryotic)|g__Senegalimassilia.s__Senegalimassilia_anaerobia	0.0687229447
COA-PWY: coenzyme A biosynthesis I (prokaryotic)|g__Eggerthella.s__Eggerthella_lenta	0.2511838832
COA-PWY: coenzyme A biosynthesis I (prokaryotic)|g__Erysipelatoclostridium.s__Clostridium_innocuum	0.4528340289
COA-PWY: coenzyme A biosynthesis I (prokaryotic)|g__Bacteroides.s__Bacteroides_stercoris	0.4829735902
COA-PWY: coenzyme A biosynthesis I (prokaryotic)|g__Agathobaculum.s__Agathobaculum_butyriciproducens	0.1275462068
COA-PWY: coenzyme A biosynthesis I (prokaryotic)|g__Ruminococcus.s__Ruminococcus_lactaris	0.2314412199
COA-PWY: coenzyme A biosynthesis I (prokaryotic)|g__Flavonifractor.s__Flavonifractor_plautii	0.4894909189
COA-PWY: coenzyme A biosynthesis I (prokaryotic)|g__Bacteroides.s__Bacteroides_xylanisolvens	0.2185931773
COA-PWY: coenzyme A biosynthesis I (prokaryotic)|g__Streptococcus.s__Streptococcus_pneumoniae	0.0235590556
PWY-7851: coenzyme A biosynthesis II (eukaryotic)	1.0000000000
PWY-7851: coenzyme A biosynthesis II (eukaryotic)|unclassified	1.0000000000
PWY-7851: coenzyme A biosynthesis II (eukaryotic)|g__Bifidobacterium.s__Bifidobacterium_adolescentis	0.3875447233
PWY-7851: coenzyme A biosynthesis II (eukaryotic)|g__Lachnospiraceae_unclassified.s__Eubacterium_rectale	0.0605816453
PWY-7851: coenzyme A biosynthesis II (eukaryotic)|g__Roseburia.s__Roseburia_faecis	0.0925820171
PWY-7851: coenzyme A biosynthesis II (eukaryotic)|g__Anaerostipes.s__Anaerostipes_hadrus	0.0000002246
PWY-7851: coenzyme A biosynthesis II (eukaryotic)|g__Faecalibacterium.s__Faecalibacterium_prausnitzii	0.0330482442
PWY-7851: coenzyme A biosynthesis II (eukaryotic)|g__Catenibacterium.s__Catenibacterium_mitsuokai	0.0272948191
PWY-7851: coenzyme A biosynthesis II (eukaryotic)|g__Blautia.s__Blautia_obeum	0.4672656318
PWY-7851: coenzyme A biosynthesis II (eukaryotic)|g__Gemmiger.s__Gemmiger_formicilis	0.0010781179
PWY-7851: coenzyme A biosynthesis II (eukaryotic)|g__Dialister.s__Dialister_invisus	0.0183453838
PWY-7851: coenzyme A biosynthesis II (eukaryotic)|g__Blautia.s__Blautia_wexlerae	0.0000000000
PWY-7851: coenzyme A biosynthesis II (eukaryotic)|g__Senegalimassilia.s__Senegalimassilia_anaerobia	0.0687229447
PWY-7851: coenzyme A biosynthesis II (eukaryotic)|g__Sellimonas.s__Sellimonas_intestinalis	0.0000362310
PWY-7851: coenzyme A biosynthesis II (eukaryotic)|g__Eggerthella.s__Eggerthella_lenta	0.2511838832
PWY-7851: coenzyme A biosynthesis II (eukaryotic)|g__Blautia.s__Blautia_sp_AF19_10LB	0.0000009562
PWY-7851: coenzyme A biosynthesis II (eukaryotic)|g__Erysipelatoclostridium.s__Clostridium_innocuum	0.3208959158
PWY-7851: coenzyme A biosynthesis II (eukaryotic)|g__Agathobaculum.s__Agathobaculum_butyriciproducens	0.1275462068
PWY-7851: coenzyme A biosynthesis II (eukaryotic)|g__Bacteroides.s__Bacteroides_xylanisolvens	0.2185931773
PWY-7851: coenzyme A biosynthesis II (eukaryotic)|g__Streptococcus.s__Streptococcus_pneumoniae	0.0235590556
DTDPRHAMSYN-PWY: dTDP-&beta;-L-rhamnose biosynthesis	1.0000000000
DTDPRHAMSYN-PWY: dTDP-&beta;-L-rhamnose biosynthesis|unclassified	1.0000000000
DTDPRHAMSYN-PWY: dTDP-&beta;-L-rhamnose biosynthesis|g__Bifidobacterium.s__Bifidobacterium_bifidum	0.2907925346
DTDPRHAMSYN-PWY: dTDP-&beta;-L-rhamnose biosynthesis|g__Lachnospiraceae_unclassified.s__Eubacterium_rectale	0.0421551781
DTDPRHAMSYN-PWY: dTDP-&beta;-L-rhamnose biosynthesis|g__Anaerostipes.s__Anaerostipes_hadrus	0.0181437531
DTDPRHAMSYN-PWY: dTDP-&beta;-L-rhamnose biosynthesis|g__Faecalibacterium.s__Faecalibacterium_prausnitzii	0.6652946551
DTDPRHAMSYN-PWY: dTDP-&beta;-L-rhamnose biosynthesis|g__Bifidobacterium.s__Bifidobacterium_breve	0.9938663431
DTDPRHAMSYN-PWY: dTDP-&beta;-L-rhamnose biosynthesis|g__Blautia.s__Blautia_obeum	0.8898491799
DTDPRHAMSYN-PWY: dTDP-&beta;-L-rhamnose biosynthesis|g__Blautia.s__Blautia_wexlerae	0.0008103914
DTDPRHAMSYN-PWY: dTDP-&beta;-L-rhamnose biosynthesis|g__Gemmiger.s__Gemmiger_formicilis	0.4968757188
DTDPRHAMSYN-PWY: dTDP-&beta;-L-rhamnose biosynthesis|g__Blautia.s__Blautia_sp_AF19_10LB	0.5141363604
DTDPRHAMSYN-PWY: dTDP-&beta;-L-rhamnose biosynthesis|g__Clostridiales_unclassified.s__Clostridiales_bacterium_KLE1615	0.9057753117
DTDPRHAMSYN-PWY: dTDP-&beta;-L-rhamnose biosynthesis|g__Sellimonas.s__Sellimonas_intestinalis	0.0820477288
DTDPRHAMSYN-PWY: dTDP-&beta;-L-rhamnose biosynthesis|g__Catenibacterium.s__Catenibacterium_mitsuokai	0.0000000000
DTDPRHAMSYN-PWY: dTDP-&beta;-L-rhamnose biosynthesis|g__Bacteroides.s__Bacteroides_stercoris	0.9233134597
DTDPRHAMSYN-PWY: dTDP-&beta;-L-rhamnose biosynthesis|g__Erysipelatoclostridium.s__Clostridium_innocuum	0.8498824160
DTDPRHAMSYN-PWY: dTDP-&beta;-L-rhamnose biosynthesis|g__Roseburia.s__Roseburia_inulinivorans	0.4851229986
DTDPRHAMSYN-PWY: dTDP-&beta;-L-rhamnose biosynthesis|g__Clostridium.s__Clostridium_disporicum	0.0995154475
DTDPRHAMSYN-PWY: dTDP-&beta;-L-rhamnose biosynthesis|g__Erysipelatoclostridium.s__Clostridium_spiroforme	0.2731889749
DTDPRHAMSYN-PWY: dTDP-&beta;-L-rhamnose biosynthesis|g__Bacteroides.s__Bacteroides_xylanisolvens	0.2523207845
DTDPRHAMSYN-PWY: dTDP-&beta;-L-rhamnose biosynthesis|g__Firmicutes_unclassified.s__Firmicutes_bacterium_AF16_15	0.2579773268
DTDPRHAMSYN-PWY: dTDP-&beta;-L-rhamnose biosynthesis|g__Streptococcus.s__Streptococcus_parasanguinis	0.1367040748
DTDPRHAMSYN-PWY: dTDP-&beta;-L-rhamnose biosynthesis|g__Ruminococcus.s__Ruminococcus_sp_AF31_8BH	0.0008928825
DTDPRHAMSYN-PWY: dTDP-&beta;-L-rhamnose biosynthesis|g__Bacteroides.s__Bacteroides_thetaiotaomicron	0.6871959222
DTDPRHAMSYN-PWY: dTDP-&beta;-L-rhamnose biosynthesis|g__Streptococcus.s__Streptococcus_salivarius	0.0063935706
DTDPRHAMSYN-PWY: dTDP-&beta;-L-rhamnose biosynthesis|g__Actinomyces.s__Actinomyces_sp_HMSC035G02	0.0479666539
GLUCOSE1PMETAB-PWY: glucose and glucose-1-phosphate degradation	1.0000000000
GLUCOSE1PMETAB-PWY: glucose and glucose-1-phosphate degradation|unclassified	1.0000000000
GLUCOSE1PMETAB-PWY: glucose and glucose-1-phosphate degradation|g__Escherichia.s__Escherichia_coli	0.3339198588
THRESYN-PWY: superpathway of L-threonine biosynthesis	1.0000000000
THRESYN-PWY: superpathway of L-threonine biosynthesis|g__Bifidobacterium.s__Bifidobacterium_bifidum	0.9954919228
THRESYN-PWY: superpathway of L-threonine biosynthesis|g__Bifidobacterium.s__Bifidobacterium_adolescentis	0.0167091436
THRESYN-PWY: superpathway of L-threonine biosynthesis|unclassified	0.0000000000
THRESYN-PWY: superpathway of L-threonine biosynthesis|g__Bifidobacterium.s__Bifidobacterium_breve	0.9999942914
THRESYN-PWY: superpathway of L-threonine biosynthesis|g__Anaerostipes.s__Anaerostipes_hadrus	0.0000000000
THRESYN-PWY: superpathway of L-threonine biosynthesis|g__Roseburia.s__Roseburia_hominis	0.3011108438
THRESYN-PWY: superpathway of L-threonine biosynthesis|g__Catenibacterium.s__Catenibacterium_mitsuokai	0.0000089933
THRESYN-PWY: superpathway of L-threonine biosynthesis|g__Dialister.s__Dialister_invisus	0.0686240581
THRESYN-PWY: superpathway of L-threonine biosynthesis|g__Blautia.s__Blautia_obeum	0.0000000001
THRESYN-PWY: superpathway of L-threonine biosynthesis|g__Faecalibacterium.s__Faecalibacterium_prausnitzii	0.0000000000
THRESYN-PWY: superpathway of L-threonine biosynthesis|g__Bacteroides.s__Bacteroides_stercoris	0.4822753701
THRESYN-PWY: superpathway of L-threonine biosynthesis|g__Erysipelatoclostridium.s__Clostridium_innocuum	0.0269112745
THRESYN-PWY: superpathway of L-threonine biosynthesis|g__Erysipelatoclostridium.s__Clostridium_spiroforme	0.3405188531
THRESYN-PWY: superpathway of L-threonine biosynthesis|g__Streptococcus.s__Streptococcus_pneumoniae	0.3029772251
THRESYN-PWY: superpathway of L-threonine biosynthesis|g__Streptococcus.s__Streptococcus_salivarius	0.3452734311
THRESYN-PWY: superpathway of L-threonine biosynthesis|g__Streptococcus.s__Streptococcus_equinus	0.4408376408
PWY-7977: L-methionine biosynthesis IV	1.0000000000
PWY-7977: L-methionine biosynthesis IV|unclassified	0.0243320490
PWY-7977: L-methionine biosynthesis IV|g__Anaerostipes.s__Anaerostipes_hadrus	0.0000687842
PWY-7977: L-methionine biosynthesis IV|g__Roseburia.s__Roseburia_hominis	0.9168798449
PWY-7977: L-methionine biosynthesis IV|g__Catenibacterium.s__Catenibacterium_mitsuokai	0.0000059956
PWY-7977: L-methionine biosynthesis IV|g__Erysipelatoclostridium.s__Clostridium_innocuum	0.9177684963
PWY-7977: L-methionine biosynthesis IV|g__Faecalibacterium.s__Faecalibacterium_prausnitzii	0.0000000000
PWY-7977: L-methionine biosynthesis IV|g__Bacteroides.s__Bacteroides_stercoris	0.0414765670
PWY-7977: L-methionine biosynthesis IV|g__Bacteroides.s__Bacteroides_xylanisolvens	0.2441273003
PWY-7977: L-methionine biosynthesis IV|g__Bacteroides.s__Bacteroides_thetaiotaomicron	0.7377090419
PWY-7977: L-methionine biosynthesis IV|g__Bacteroides.s__Bacteroides_caccae	0.0867147833
PWY-6123: inosine-5'-phosphate biosynthesis I	1.0000000000
PWY-6123: inosine-5'-phosphate biosynthesis I|unclassified	0.0000000000
PWY-6123: inosine-5'-phosphate biosynthesis I|g__Bifidobacterium.s__Bifidobacterium_adolescentis	0.0000012992
PWY-6123: inosine-5'-phosphate biosynthesis I|g__Bifidobacterium.s__Bifidobacterium_bifidum	0.0000350498
PWY-6123: inosine-5'-phosphate biosynthesis I|g__Anaerostipes.s__Anaerostipes_hadrus	0.0000011175
PWY-6123: inosine-5'-phosphate biosynthesis I|g__Faecalibacterium.s__Faecalibacterium_prausnitzii	0.5974242808
PWY-6123: inosine-5'-phosphate biosynthesis I|g__Catenibacterium.s__Catenibacterium_mitsuokai	0.0379862475
PWY-6123: inosine-5'-phosphate biosynthesis I|g__Blautia.s__Blautia_wexlerae	0.0000000000
PWY-6123: inosine-5'-phosphate biosynthesis I|g__Dialister.s__Dialister_invisus	0.0969140977
PWY-6123: inosine-5'-phosphate biosynthesis I|g__Blautia.s__Blautia_sp_AF19_10LB	0.4206562677
PWY-6123: inosine-5'-phosphate biosynthesis I|g__Senegalimassilia.s__Senegalimassilia_anaerobia	0.0990797244
PWY-6123: inosine-5'-phosphate biosynthesis I|g__Eggerthella.s__Eggerthella_lenta	0.4106581115
PWY-6123: inosine-5'-phosphate biosynthesis I|g__Clostridiales_unclassified.s__Clostridiales_bacterium_KLE1615	0.1895669840
PWY-6123: inosine-5'-phosphate biosynthesis I|g__Bacteroides.s__Bacteroides_stercoris	0.5291445539
PWY-6123: inosine-5'-phosphate biosynthesis I|g__Ruminococcus.s__Ruminococcus_lactaris	0.4789182170
PWY-6123: inosine-5'-phosphate biosynthesis I|g__Erysipelatoclostridium.s__Clostridium_innocuum	0.3726691099
PWY-6123: inosine-5'-phosphate biosynthesis I|g__Ruminococcus.s__Ruminococcus_sp_AF31_8BH	0.0626780576
PWY-6123: inosine-5'-phosphate biosynthesis I|g__Roseburia.s__Roseburia_hominis	0.0000000000
PWY-6123: inosine-5'-phosphate biosynthesis I|g__Streptococcus.s__Streptococcus_equinus	0.8168744880
PWY-6123: inosine-5'-phosphate biosynthesis I|g__Bacteroides.s__Bacteroides_vulgatus	0.0002327701
PWY-6123: inosine-5'-phosphate biosynthesis I|g__Bacteroides.s__Bacteroides_xylanisolvens	0.0686655365
PWY-6123: inosine-5'-phosphate biosynthesis I|g__Streptococcus.s__Streptococcus_salivarius	0.1250726222
PWY-6123: inosine-5'-phosphate biosynthesis I|g__Streptococcus.s__Streptococcus_vestibularis	0.3316892542
PWY-6123: inosine-5'-phosphate biosynthesis I|g__Streptococcus.s__Streptococcus_parasanguinis	0.0097549262
PWY-7357: thiamine phosphate formation from pyrithiamine and oxythiamine (yeast)	0.0201820886
PWY-7357: thiamine phosphate formation from pyrithiamine and oxythiamine (yeast)|unclassified	0.0002002310
PWY-7357: thiamine phosphate formation from pyrithiamine and oxythiamine (yeast)|g__Bifidobacterium.s__Bifidobacterium_adolescentis	0.0000000000
PWY-7357: thiamine phosphate formation from pyrithiamine and oxythiamine (yeast)|g__Bifidobacterium.s__Bifidobacterium_bifidum	0.0034053366
PWY-7357: thiamine phosphate formation from pyrithiamine and oxythiamine (yeast)|g__Lachnospiraceae_unclassified.s__Eubacterium_rectale	0.6422972166
PWY-7357: thiamine phosphate formation from pyrithiamine and oxythiamine (yeast)|g__Roseburia.s__Roseburia_faecis	0.2875015821
PWY-7357: thiamine phosphate formation from pyrithiamine and oxythiamine (yeast)|g__Anaerostipes.s__Anaerostipes_hadrus	0.0000000405
PWY-7357: thiamine phosphate formation from pyrithiamine and oxythiamine (yeast)|g__Faecalibacterium.s__Faecalibacterium_prausnitzii	0.0004459566
PWY-7357: thiamine phosphate formation from pyrithiamine and oxythiamine (yeast)|g__Blautia.s__Blautia_wexlerae	0.0000569921
PWY-7357: thiamine phosphate formation from pyrithiamine and oxythiamine (yeast)|g__Blautia.s__Blautia_obeum	0.0072021617
PWY-7357: thiamine phosphate formation from pyrithiamine and oxythiamine (yeast)|g__Dialister.s__Dialister_invisus	0.1837306075
PWY-7357: thiamine phosphate formation from pyrithiamine and oxythiamine (yeast)|g__Catenibacterium.s__Catenibacterium_mitsuokai	0.0000000000
PWY-7357: thiamine phosphate formation from pyrithiamine and oxythiamine (yeast)|g__Blautia.s__Blautia_sp_AF19_10LB	0.6440743318
PWY-7357: thiamine phosphate formation from pyrithiamine and oxythiamine (yeast)|g__Eggerthella.s__Eggerthella_lenta	0.8867969678
PWY-7357: thiamine phosphate formation from pyrithiamine and oxythiamine (yeast)|g__Erysipelatoclostridium.s__Clostridium_innocuum	0.7447512096
PWY-7357: thiamine phosphate formation from pyrithiamine and oxythiamine (yeast)|g__Blautia.s__Blautia_producta	0.1367593037
PWY-7357: thiamine phosphate formation from pyrithiamine and oxythiamine (yeast)|g__Roseburia.s__Roseburia_hominis	0.0000000000
PWY-6270: isoprene biosynthesis I	0.0000000000
PWY-6270: isoprene biosynthesis I|unclassified	0.9989068335
PWY-6270: isoprene biosynthesis I|g__Anaerostipes.s__Anaerostipes_hadrus	0.0000000157
PWY-6270: isoprene biosynthesis I|g__Blautia.s__Blautia_wexlerae	0.0000000000
PWY-6270: isoprene biosynthesis I|g__Blautia.s__Blautia_sp_AF19_10LB	0.0057192476
PWY-6270: isoprene biosynthesis I|g__Clostridium.s__Clostridium_disporicum	0.0381191386
1CMET2-PWY: folate transformations III (E. coli)	1.0000000000
1CMET2-PWY: folate transformations III (E. coli)|unclassified	0.9743206291
1CMET2-PWY: folate transformations III (E. coli)|g__Roseburia.s__Roseburia_faecis	0.0883611483
1CMET2-PWY: folate transformations III (E. coli)|g__Anaerostipes.s__Anaerostipes_hadrus	0.0000000516
1CMET2-PWY: folate transformations III (E. coli)|g__Blautia.s__Blautia_wexlerae	0.0000000000
1CMET2-PWY: folate transformations III (E. coli)|g__Catenibacterium.s__Catenibacterium_mitsuokai	0.0000000000
1CMET2-PWY: folate transformations III (E. coli)|g__Bacteroides.s__Bacteroides_stercoris	0.0792816029
1CMET2-PWY: folate transformations III (E. coli)|g__Blautia.s__Blautia_obeum	0.0000000000
PWY-5667: CDP-diacylglycerol biosynthesis I	1.0000000000
PWY-5667: CDP-diacylglycerol biosynthesis I|unclassified	0.9999990042
PWY-5667: CDP-diacylglycerol biosynthesis I|g__Lachnospiraceae_unclassified.s__Eubacterium_rectale	0.0000914991
PWY-5667: CDP-diacylglycerol biosynthesis I|g__Anaerostipes.s__Anaerostipes_hadrus	0.0000000251
PWY-5667: CDP-diacylglycerol biosynthesis I|g__Roseburia.s__Roseburia_faecis	0.0011598012
PWY-5667: CDP-diacylglycerol biosynthesis I|g__Faecalibacterium.s__Faecalibacterium_prausnitzii	0.6947593302
PWY-5667: CDP-diacylglycerol biosynthesis I|g__Blautia.s__Blautia_obeum	0.3797927582
PWY-5667: CDP-diacylglycerol biosynthesis I|g__Blautia.s__Blautia_wexlerae	0.0000168854
PWY-5667: CDP-diacylglycerol biosynthesis I|g__Dialister.s__Dialister_invisus	0.0038102777
PWY-5667: CDP-diacylglycerol biosynthesis I|g__Sellimonas.s__Sellimonas_intestinalis	0.1927098754
PWY-5667: CDP-diacylglycerol biosynthesis I|g__Catenibacterium.s__Catenibacterium_mitsuokai	0.0000000000
PWY-5667: CDP-diacylglycerol biosynthesis I|g__Blautia.s__Blautia_sp_AF19_10LB	0.0095016491
PWY-5667: CDP-diacylglycerol biosynthesis I|g__Bacteroides.s__Bacteroides_stercoris	0.4409755535
PWY-5667: CDP-diacylglycerol biosynthesis I|g__Clostridiales_unclassified.s__Clostridiales_bacterium_KLE1615	0.0299336590
PWY-5667: CDP-diacylglycerol biosynthesis I|g__Erysipelatoclostridium.s__Clostridium_innocuum	0.2066669288
PWY-5667: CDP-diacylglycerol biosynthesis I|g__Ruminococcus.s__Ruminococcus_lactaris	0.1412473748
PWY-5667: CDP-diacylglycerol biosynthesis I|g__Streptococcus.s__Streptococcus_equinus	0.2414440215
PWY0-1319: CDP-diacylglycerol biosynthesis II	1.0000000000
PWY0-1319: CDP-diacylglycerol biosynthesis II|unclassified	0.9999990042
PWY0-1319: CDP-diacylglycerol biosynthesis II|g__Lachnospiraceae_unclassified.s__Eubacterium_rectale	0.0000914991
PWY0-1319: CDP-diacylglycerol biosynthesis II|g__Anaerostipes.s__Anaerostipes_hadrus	0.0000000251
PWY0-1319: CDP-diacylglycerol biosynthesis II|g__Roseburia.s__Roseburia_faecis	0.0011598012
PWY0-1319: CDP-diacylglycerol biosynthesis II|g__Faecalibacterium.s__Faecalibacterium_prausnitzii	0.6947593302
PWY0-1319: CDP-diacylglycerol biosynthesis II|g__Blautia.s__Blautia_obeum	0.3797927582
PWY0-1319: CDP-diacylglycerol biosynthesis II|g__Blautia.s__Blautia_wexlerae	0.0000168854
PWY0-1319: CDP-diacylglycerol biosynthesis II|g__Dialister.s__Dialister_invisus	0.0038102777
PWY0-1319: CDP-diacylglycerol biosynthesis II|g__Sellimonas.s__Sellimonas_intestinalis	0.1927098754
PWY0-1319: CDP-diacylglycerol biosynthesis II|g__Catenibacterium.s__Catenibacterium_mitsuokai	0.0000000000
PWY0-1319: CDP-diacylglycerol biosynthesis II|g__Blautia.s__Blautia_sp_AF19_10LB	0.0095016491
PWY0-1319: CDP-diacylglycerol biosynthesis II|g__Bacteroides.s__Bacteroides_stercoris	0.4409755535
PWY0-1319: CDP-diacylglycerol biosynthesis II|g__Clostridiales_unclassified.s__Clostridiales_bacterium_KLE1615	0.0299336590
PWY0-1319: CDP-diacylglycerol biosynthesis II|g__Erysipelatoclostridium.s__Clostridium_innocuum	0.2066669288
PWY0-1319: CDP-diacylglycerol biosynthesis II|g__Ruminococcus.s__Ruminococcus_lactaris	0.1412473748
PWY0-1319: CDP-diacylglycerol biosynthesis II|g__Streptococcus.s__Streptococcus_equinus	0.2414440215
PWY-7560: methylerythritol phosphate pathway II	0.0000000000
PWY-7560: methylerythritol phosphate pathway II|unclassified	0.9987508621
PWY-7560: methylerythritol phosphate pathway II|g__Anaerostipes.s__Anaerostipes_hadrus	0.0000006640
PWY-7560: methylerythritol phosphate pathway II|g__Blautia.s__Blautia_wexlerae	0.0000000000
PWY-7560: methylerythritol phosphate pathway II|g__Blautia.s__Blautia_sp_AF19_10LB	0.0050088786
PWY-7560: methylerythritol phosphate pathway II|g__Blautia.s__Blautia_obeum	0.0000000000
PWY-7560: methylerythritol phosphate pathway II|g__Clostridium.s__Clostridium_disporicum	0.0340952991
PWY66-429: fatty acid biosynthesis initiation (mitochondria)	1.0000000000
PWY66-429: fatty acid biosynthesis initiation (mitochondria)|unclassified	0.9873491278
PWY66-429: fatty acid biosynthesis initiation (mitochondria)|g__Anaerostipes.s__Anaerostipes_hadrus	0.3823601862
PWY66-429: fatty acid biosynthesis initiation (mitochondria)|g__Catenibacterium.s__Catenibacterium_mitsuokai	0.6282286769
PWY66-429: fatty acid biosynthesis initiation (mitochondria)|g__Roseburia.s__Roseburia_hominis	0.2275467999
PWY66-429: fatty acid biosynthesis initiation (mitochondria)|g__Blautia.s__Blautia_obeum	0.4711324715
PWY66-429: fatty acid biosynthesis initiation (mitochondria)|g__Blautia.s__Blautia_wexlerae	0.0000411853
PWY66-429: fatty acid biosynthesis initiation (mitochondria)|g__Blautia.s__Blautia_sp_AF19_10LB	0.9156114603
PWY66-429: fatty acid biosynthesis initiation (mitochondria)|g__Sellimonas.s__Sellimonas_intestinalis	0.5664002283
PWY66-429: fatty acid biosynthesis initiation (mitochondria)|g__Senegalimassilia.s__Senegalimassilia_anaerobia	0.3348844530
PWY66-429: fatty acid biosynthesis initiation (mitochondria)|g__Clostridiales_unclassified.s__Clostridiales_bacterium_KLE1615	0.2758620083
PWY66-429: fatty acid biosynthesis initiation (mitochondria)|g__Eggerthella.s__Eggerthella_lenta	0.3505418159
PWY66-429: fatty acid biosynthesis initiation (mitochondria)|g__Bacteroides.s__Bacteroides_vulgatus	0.2867458419
PWY66-429: fatty acid biosynthesis initiation (mitochondria)|g__Agathobaculum.s__Agathobaculum_butyriciproducens	0.0807219678
PWY66-429: fatty acid biosynthesis initiation (mitochondria)|g__Erysipelatoclostridium.s__Clostridium_innocuum	0.0130186921
PWY66-429: fatty acid biosynthesis initiation (mitochondria)|g__Flavonifractor.s__Flavonifractor_plautii	0.1052958549
PWY66-429: fatty acid biosynthesis initiation (mitochondria)|g__Ruminococcus.s__Ruminococcus_lactaris	0.0544877022
PWY66-429: fatty acid biosynthesis initiation (mitochondria)|g__Bacteroides.s__Bacteroides_xylanisolvens	0.6474963048
PWY66-429: fatty acid biosynthesis initiation (mitochondria)|g__Clostridium.s__Clostridium_disporicum	0.0301372578
PWY66-429: fatty acid biosynthesis initiation (mitochondria)|g__Streptococcus.s__Streptococcus_pneumoniae	0.1648264541
PWY66-429: fatty acid biosynthesis initiation (mitochondria)|g__Streptococcus.s__Streptococcus_salivarius	0.0629263266
PWY-6124: inosine-5'-phosphate biosynthesis II	1.0000000000
PWY-6124: inosine-5'-phosphate biosynthesis II|unclassified	0.0000000000
PWY-6124: inosine-5'-phosphate biosynthesis II|g__Bifidobacterium.s__Bifidobacterium_adolescentis	0.0000007218
PWY-6124: inosine-5'-phosphate biosynthesis II|g__Blautia.s__Blautia_wexlerae	0.9999922909
PWY-6124: inosine-5'-phosphate biosynthesis II|g__Anaerostipes.s__Anaerostipes_hadrus	0.0000009313
PWY-6124: inosine-5'-phosphate biosynthesis II|g__Faecalibacterium.s__Faecalibacterium_prausnitzii	0.6330821754
PWY-6124: inosine-5'-phosphate biosynthesis II|g__Catenibacterium.s__Catenibacterium_mitsuokai	0.0322054615
PWY-6124: inosine-5'-phosphate biosynthesis II|g__Dialister.s__Dialister_invisus	0.6086760839
PWY-6124: inosine-5'-phosphate biosynthesis II|g__Blautia.s__Blautia_sp_AF19_10LB	0.3802715424
PWY-6124: inosine-5'-phosphate biosynthesis II|g__Clostridiales_unclassified.s__Clostridiales_bacterium_KLE1615	0.1732536781
PWY-6124: inosine-5'-phosphate biosynthesis II|g__Senegalimassilia.s__Senegalimassilia_anaerobia	0.0840578137
PWY-6124: inosine-5'-phosphate biosynthesis II|g__Eggerthella.s__Eggerthella_lenta	0.3673596577
PWY-6124: inosine-5'-phosphate biosynthesis II|g__Ruminococcus.s__Ruminococcus_lactaris	0.4801077926
PWY-6124: inosine-5'-phosphate biosynthesis II|g__Bacteroides.s__Bacteroides_stercoris	0.4953710811
PWY-6124: inosine-5'-phosphate biosynthesis II|g__Erysipelatoclostridium.s__Clostridium_innocuum	0.3406826059
PWY-6124: inosine-5'-phosphate biosynthesis II|g__Clostridium.s__Clostridium_disporicum	0.0874698855
PWY-6124: inosine-5'-phosphate biosynthesis II|g__Ruminococcus.s__Ruminococcus_sp_AF31_8BH	0.0527831051
PWY-6124: inosine-5'-phosphate biosynthesis II|g__Bacteroides.s__Bacteroides_caccae	0.7118425011
PWY-6124: inosine-5'-phosphate biosynthesis II|g__Roseburia.s__Roseburia_hominis	0.0000000000
PWY-6124: inosine-5'-phosphate biosynthesis II|g__Streptococcus.s__Streptococcus_equinus	0.8086360557
PWY-6124: inosine-5'-phosphate biosynthesis II|g__Bacteroides.s__Bacteroides_xylanisolvens	0.0636034768
PWY-6124: inosine-5'-phosphate biosynthesis II|g__Bacteroides.s__Bacteroides_vulgatus	0.0001939889
PWY-6124: inosine-5'-phosphate biosynthesis II|g__Streptococcus.s__Streptococcus_parasanguinis	0.0448580069
PWY-6700: queuosine biosynthesis I (de novo)	1.0000000000
PWY-6700: queuosine biosynthesis I (de novo)|unclassified	0.4140401561
PWY-6700: queuosine biosynthesis I (de novo)|g__Ruminococcus.s__Ruminococcus_bromii	0.0000000162
PWY-6700: queuosine biosynthesis I (de novo)|g__Lachnospiraceae_unclassified.s__Eubacterium_rectale	0.0007514280
PWY-6700: queuosine biosynthesis I (de novo)|g__Anaerostipes.s__Anaerostipes_hadrus	0.0000609249
PWY-6700: queuosine biosynthesis I (de novo)|g__Roseburia.s__Roseburia_faecis	0.0008170816
PWY-6700: queuosine biosynthesis I (de novo)|g__Catenibacterium.s__Catenibacterium_mitsuokai	0.8108622559
PWY-6700: queuosine biosynthesis I (de novo)|g__Faecalibacterium.s__Faecalibacterium_prausnitzii	0.0024647194
PWY-6700: queuosine biosynthesis I (de novo)|g__Roseburia.s__Roseburia_hominis	0.0000000559
PWY-6700: queuosine biosynthesis I (de novo)|g__Blautia.s__Blautia_wexlerae	0.0000000000
PWY-6700: queuosine biosynthesis I (de novo)|g__Dialister.s__Dialister_invisus	0.0052165084
PWY-6700: queuosine biosynthesis I (de novo)|g__Gemmiger.s__Gemmiger_formicilis	0.0000026129
PWY-6700: queuosine biosynthesis I (de novo)|g__Sellimonas.s__Sellimonas_intestinalis	0.1454093121
PWY-6700: queuosine biosynthesis I (de novo)|g__Senegalimassilia.s__Senegalimassilia_anaerobia	0.1995454605
PWY-6700: queuosine biosynthesis I (de novo)|g__Bacteroides.s__Bacteroides_stercoris	0.8784688080
PWY-6700: queuosine biosynthesis I (de novo)|g__Clostridiales_unclassified.s__Clostridiales_bacterium_KLE1615	0.2802709051
PWY-6700: queuosine biosynthesis I (de novo)|g__Blautia.s__Blautia_sp_AF19_10LB	0.0001291704
PWY-6700: queuosine biosynthesis I (de novo)|g__Ruminococcus.s__Ruminococcus_lactaris	0.7357806870
PWY-6700: queuosine biosynthesis I (de novo)|g__Agathobaculum.s__Agathobaculum_butyriciproducens	0.4237080072
PWY-6700: queuosine biosynthesis I (de novo)|g__Bacteroides.s__Bacteroides_xylanisolvens	0.6209238768
PWY-6700: queuosine biosynthesis I (de novo)|g__Bacteroides.s__Bacteroides_caccae	0.5837770233
PWY-6700: queuosine biosynthesis I (de novo)|g__Bacteroides.s__Bacteroides_vulgatus	0.0003648777
PWY-6700: queuosine biosynthesis I (de novo)|g__Blautia.s__Blautia_obeum	0.0000000000
PWY-5695: inosine 5'-phosphate degradation	1.0000000000
PWY-5695: inosine 5'-phosphate degradation|unclassified	0.9999589574
PWY-5695: inosine 5'-phosphate degradation|g__Anaerostipes.s__Anaerostipes_hadrus	0.1972028289
PWY-5695: inosine 5'-phosphate degradation|g__Roseburia.s__Roseburia_faecis	0.0012352202
PWY-5695: inosine 5'-phosphate degradation|g__Blautia.s__Blautia_wexlerae	0.0008966540
PWY-5695: inosine 5'-phosphate degradation|g__Dialister.s__Dialister_invisus	0.2739246875
PWY-5695: inosine 5'-phosphate degradation|g__Catenibacterium.s__Catenibacterium_mitsuokai	0.0000000000
PWY-5695: inosine 5'-phosphate degradation|g__Faecalibacterium.s__Faecalibacterium_prausnitzii	0.0000000000
PWY-5695: inosine 5'-phosphate degradation|g__Clostridiales_unclassified.s__Clostridiales_bacterium_KLE1615	0.6743715964
PWY-5695: inosine 5'-phosphate degradation|g__Agathobaculum.s__Agathobaculum_butyriciproducens	0.3744769254
PWY-5695: inosine 5'-phosphate degradation|g__Blautia.s__Blautia_obeum	0.0000000000
PWY-5695: inosine 5'-phosphate degradation|g__Bacteroides.s__Bacteroides_stercoris	0.0150637633
PWY-5695: inosine 5'-phosphate degradation|g__Intestinibacter.s__Intestinibacter_bartlettii	0.3135460675
PWY-5695: inosine 5'-phosphate degradation|g__Roseburia.s__Roseburia_inulinivorans	0.1305274453
PWY-5695: inosine 5'-phosphate degradation|g__Bacteroides.s__Bacteroides_vulgatus	0.0001998229
OANTIGEN-PWY: O-antigen building blocks biosynthesis (E. coli)	0.0017093334
OANTIGEN-PWY: O-antigen building blocks biosynthesis (E. coli)|unclassified	0.0000000000
OANTIGEN-PWY: O-antigen building blocks biosynthesis (E. coli)|g__Bifidobacterium.s__Bifidobacterium_bifidum	0.0000000000
OANTIGEN-PWY: O-antigen building blocks biosynthesis (E. coli)|g__Catenibacterium.s__Catenibacterium_mitsuokai	0.0000000000
OANTIGEN-PWY: O-antigen building blocks biosynthesis (E. coli)|g__Erysipelatoclostridium.s__Clostridium_innocuum	0.3130104475
PWY0-1296: purine ribonucleosides degradation	1.0000000000
PWY0-1296: purine ribonucleosides degradation|unclassified	0.3567868152
PWY0-1296: purine ribonucleosides degradation|g__Lachnospiraceae_unclassified.s__Eubacterium_rectale	0.4352978661
PWY0-1296: purine ribonucleosides degradation|g__Anaerostipes.s__Anaerostipes_hadrus	0.0000845521
PWY0-1296: purine ribonucleosides degradation|g__Roseburia.s__Roseburia_faecis	0.0010295573
PWY0-1296: purine ribonucleosides degradation|g__Faecalibacterium.s__Faecalibacterium_prausnitzii	0.7093627003
PWY0-1296: purine ribonucleosides degradation|g__Catenibacterium.s__Catenibacterium_mitsuokai	0.0011878203
PWY0-1296: purine ribonucleosides degradation|g__Blautia.s__Blautia_obeum	0.9995342180
PWY0-1296: purine ribonucleosides degradation|g__Roseburia.s__Roseburia_hominis	0.0012678208
PWY0-1296: purine ribonucleosides degradation|g__Blautia.s__Blautia_wexlerae	0.0652269027
PWY0-1296: purine ribonucleosides degradation|g__Gemmiger.s__Gemmiger_formicilis	0.1019299105
PWY0-1296: purine ribonucleosides degradation|g__Sellimonas.s__Sellimonas_intestinalis	0.5691063054
PWY0-1296: purine ribonucleosides degradation|g__Blautia.s__Blautia_sp_AF19_10LB	0.7893484813
PWY0-1296: purine ribonucleosides degradation|g__Erysipelatoclostridium.s__Clostridium_innocuum	0.3546349664
PWY0-1296: purine ribonucleosides degradation|g__Clostridiales_unclassified.s__Clostridiales_bacterium_KLE1615	0.5294792205
PWY0-1296: purine ribonucleosides degradation|g__Clostridium.s__Clostridium_disporicum	0.1088487168
PWY0-1296: purine ribonucleosides degradation|g__Streptococcus.s__Streptococcus_parasanguinis	0.7977702977
PWY0-1296: purine ribonucleosides degradation|g__Roseburia.s__Roseburia_inulinivorans	0.6104633516
PWY0-1296: purine ribonucleosides degradation|g__Streptococcus.s__Streptococcus_pneumoniae	0.4811872889
PWY0-1296: purine ribonucleosides degradation|g__Streptococcus.s__Streptococcus_equinus	0.5047970383
PWY0-1296: purine ribonucleosides degradation|g__Streptococcus.s__Streptococcus_salivarius	0.0535592413
HSERMETANA-PWY: L-methionine biosynthesis III	0.9999999999
HSERMETANA-PWY: L-methionine biosynthesis III|unclassified	0.0000000032
HSERMETANA-PWY: L-methionine biosynthesis III|g__Bifidobacterium.s__Bifidobacterium_bifidum	0.0000000000
HSERMETANA-PWY: L-methionine biosynthesis III|g__Anaerostipes.s__Anaerostipes_hadrus	0.0001083512
HSERMETANA-PWY: L-methionine biosynthesis III|g__Bifidobacterium.s__Bifidobacterium_adolescentis	0.0000000000
HSERMETANA-PWY: L-methionine biosynthesis III|g__Roseburia.s__Roseburia_faecis	0.2779113317
HSERMETANA-PWY: L-methionine biosynthesis III|g__Catenibacterium.s__Catenibacterium_mitsuokai	0.5245723636
HSERMETANA-PWY: L-methionine biosynthesis III|g__Blautia.s__Blautia_wexlerae	0.0000036258
HSERMETANA-PWY: L-methionine biosynthesis III|g__Roseburia.s__Roseburia_hominis	0.0001652190
HSERMETANA-PWY: L-methionine biosynthesis III|g__Erysipelatoclostridium.s__Clostridium_innocuum	0.6616546369
HSERMETANA-PWY: L-methionine biosynthesis III|g__Ruminococcus.s__Ruminococcus_lactaris	0.0636734859
HSERMETANA-PWY: L-methionine biosynthesis III|g__Actinomyces.s__Actinomyces_sp_HMSC035G02	0.4961517196
HSERMETANA-PWY: L-methionine biosynthesis III|g__Streptococcus.s__Streptococcus_pneumoniae	0.0085835976
HSERMETANA-PWY: L-methionine biosynthesis III|g__Actinomyces.s__Actinomyces_sp_ICM47	0.3863140527
UDPNAGSYN-PWY: UDP-N-acetyl-D-glucosamine biosynthesis I	0.0008553978
UDPNAGSYN-PWY: UDP-N-acetyl-D-glucosamine biosynthesis I|unclassified	0.0000000000
UDPNAGSYN-PWY: UDP-N-acetyl-D-glucosamine biosynthesis I|g__Bifidobacterium.s__Bifidobacterium_adolescentis	0.0000249328
UDPNAGSYN-PWY: UDP-N-acetyl-D-glucosamine biosynthesis I|g__Bifidobacterium.s__Bifidobacterium_bifidum	0.0008891323
UDPNAGSYN-PWY: UDP-N-acetyl-D-glucosamine biosynthesis I|g__Catenibacterium.s__Catenibacterium_mitsuokai	0.6821299742
UDPNAGSYN-PWY: UDP-N-acetyl-D-glucosamine biosynthesis I|g__Roseburia.s__Roseburia_hominis	0.2427127633
UDPNAGSYN-PWY: UDP-N-acetyl-D-glucosamine biosynthesis I|g__Dialister.s__Dialister_invisus	0.8337352091
UDPNAGSYN-PWY: UDP-N-acetyl-D-glucosamine biosynthesis I|g__Bifidobacterium.s__Bifidobacterium_breve	0.0000000000
UDPNAGSYN-PWY: UDP-N-acetyl-D-glucosamine biosynthesis I|g__Senegalimassilia.s__Senegalimassilia_anaerobia	0.0913910183
UDPNAGSYN-PWY: UDP-N-acetyl-D-glucosamine biosynthesis I|g__Eggerthella.s__Eggerthella_lenta	0.4046322002
UDPNAGSYN-PWY: UDP-N-acetyl-D-glucosamine biosynthesis I|g__Clostridium.s__Clostridium_disporicum	0.7929621594
UDPNAGSYN-PWY: UDP-N-acetyl-D-glucosamine biosynthesis I|g__Erysipelatoclostridium.s__Clostridium_innocuum	0.2000882844
UDPNAGSYN-PWY: UDP-N-acetyl-D-glucosamine biosynthesis I|g__Agathobaculum.s__Agathobaculum_butyriciproducens	0.1204128643
UDPNAGSYN-PWY: UDP-N-acetyl-D-glucosamine biosynthesis I|g__Flavonifractor.s__Flavonifractor_plautii	0.2601979184
UDPNAGSYN-PWY: UDP-N-acetyl-D-glucosamine biosynthesis I|g__Erysipelatoclostridium.s__Clostridium_spiroforme	0.1454901869
UDPNAGSYN-PWY: UDP-N-acetyl-D-glucosamine biosynthesis I|g__Streptococcus.s__Streptococcus_pneumoniae	0.2064348645
UDPNAGSYN-PWY: UDP-N-acetyl-D-glucosamine biosynthesis I|g__Streptococcus.s__Streptococcus_equinus	0.4768798753
PWY-6628: superpathway of L-phenylalanine biosynthesis	0.0000000000
PWY-6628: superpathway of L-phenylalanine biosynthesis|unclassified	0.0000000000
PWY-6628: superpathway of L-phenylalanine biosynthesis|g__Streptococcus.s__Streptococcus_salivarius	0.0020330535
PWY0-1586: peptidoglycan maturation (meso-diaminopimelate containing)	0.2105266322
PWY0-1586: peptidoglycan maturation (meso-diaminopimelate containing)|unclassified	0.0000000000
PWY0-1586: peptidoglycan maturation (meso-diaminopimelate containing)|g__Lachnospiraceae_unclassified.s__Eubacterium_rectale	0.5079909306
PWY0-1586: peptidoglycan maturation (meso-diaminopimelate containing)|g__Anaerostipes.s__Anaerostipes_hadrus	0.6770625962
PWY0-1586: peptidoglycan maturation (meso-diaminopimelate containing)|g__Catenibacterium.s__Catenibacterium_mitsuokai	0.0000000000
PWY0-1586: peptidoglycan maturation (meso-diaminopimelate containing)|g__Eggerthella.s__Eggerthella_lenta	0.4256366047
PWY0-1586: peptidoglycan maturation (meso-diaminopimelate containing)|g__Clostridium.s__Clostridium_disporicum	0.8573795990
PWY0-1586: peptidoglycan maturation (meso-diaminopimelate containing)|g__Streptococcus.s__Streptococcus_salivarius	0.9597284097
PWY0-1586: peptidoglycan maturation (meso-diaminopimelate containing)|g__Bacteroides.s__Bacteroides_stercoris	0.0538258425
PWY0-1586: peptidoglycan maturation (meso-diaminopimelate containing)|g__Bacteroides.s__Bacteroides_vulgatus	0.4623375551
PWY0-1586: peptidoglycan maturation (meso-diaminopimelate containing)|g__Streptococcus.s__Streptococcus_parasanguinis	0.9368912109
PWY0-1586: peptidoglycan maturation (meso-diaminopimelate containing)|g__Streptococcus.s__Streptococcus_equinus	0.4082065854
PWY0-1586: peptidoglycan maturation (meso-diaminopimelate containing)|g__Streptococcus.s__Streptococcus_pneumoniae	0.0008657305
ANAEROFRUCAT-PWY: homolactic fermentation	0.0000000000
ANAEROFRUCAT-PWY: homolactic fermentation|unclassified	0.0000000000
ANAEROFRUCAT-PWY: homolactic fermentation|g__Catenibacterium.s__Catenibacterium_mitsuokai	0.0000000000
PWY-6936: seleno-amino acid biosynthesis (plants)	0.9999999998
PWY-6936: seleno-amino acid biosynthesis (plants)|g__Anaerostipes.s__Anaerostipes_hadrus	0.0001386584
PWY-6936: seleno-amino acid biosynthesis (plants)|g__Roseburia.s__Roseburia_faecis	0.0170681488
PWY-6936: seleno-amino acid biosynthesis (plants)|g__Catenibacterium.s__Catenibacterium_mitsuokai	0.7758746758
PWY-6936: seleno-amino acid biosynthesis (plants)|g__Roseburia.s__Roseburia_hominis	0.0000425407
PWY-6936: seleno-amino acid biosynthesis (plants)|unclassified	0.0000000000
PWY-6936: seleno-amino acid biosynthesis (plants)|g__Blautia.s__Blautia_wexlerae	0.0000000000
PWY-6936: seleno-amino acid biosynthesis (plants)|g__Ruminococcus.s__Ruminococcus_lactaris	0.9156350324
PWY-6936: seleno-amino acid biosynthesis (plants)|g__Streptococcus.s__Streptococcus_pneumoniae	0.5835979789
PWY-6936: seleno-amino acid biosynthesis (plants)|g__Streptococcus.s__Streptococcus_salivarius	0.5583432484
PWY-6936: seleno-amino acid biosynthesis (plants)|g__Actinomyces.s__Actinomyces_sp_ICM47	0.8990810155
PWY-6936: seleno-amino acid biosynthesis (plants)|g__Escherichia.s__Escherichia_coli	0.1542325281
PWY-6936: seleno-amino acid biosynthesis (plants)|g__Streptococcus.s__Streptococcus_equinus	0.7075643657
PWY-6936: seleno-amino acid biosynthesis (plants)|g__Streptococcus.s__Streptococcus_vestibularis	0.4924647359
GLYCOLYSIS: glycolysis I (from glucose 6-phosphate)	0.0000000000
GLYCOLYSIS: glycolysis I (from glucose 6-phosphate)|unclassified	0.0000000000
GLYCOLYSIS: glycolysis I (from glucose 6-phosphate)|g__Catenibacterium.s__Catenibacterium_mitsuokai	0.0000000000
SER-GLYSYN-PWY: superpathway of L-serine and glycine biosynthesis I	0.9999979028
SER-GLYSYN-PWY: superpathway of L-serine and glycine biosynthesis I|unclassified	0.9270371312
SER-GLYSYN-PWY: superpathway of L-serine and glycine biosynthesis I|g__Bifidobacterium.s__Bifidobacterium_adolescentis	0.8055391248
SER-GLYSYN-PWY: superpathway of L-serine and glycine biosynthesis I|g__Roseburia.s__Roseburia_faecis	0.1206684295
SER-GLYSYN-PWY: superpathway of L-serine and glycine biosynthesis I|g__Anaerostipes.s__Anaerostipes_hadrus	0.0000000184
SER-GLYSYN-PWY: superpathway of L-serine and glycine biosynthesis I|g__Blautia.s__Blautia_wexlerae	0.8636206683
SER-GLYSYN-PWY: superpathway of L-serine and glycine biosynthesis I|g__Dialister.s__Dialister_invisus	0.3093625352
SER-GLYSYN-PWY: superpathway of L-serine and glycine biosynthesis I|g__Catenibacterium.s__Catenibacterium_mitsuokai	0.0000000000
SER-GLYSYN-PWY: superpathway of L-serine and glycine biosynthesis I|g__Eggerthella.s__Eggerthella_lenta	0.8368205382
SER-GLYSYN-PWY: superpathway of L-serine and glycine biosynthesis I|g__Blautia.s__Blautia_sp_AF19_10LB	0.0102366860
SER-GLYSYN-PWY: superpathway of L-serine and glycine biosynthesis I|g__Senegalimassilia.s__Senegalimassilia_anaerobia	0.1720176939
SER-GLYSYN-PWY: superpathway of L-serine and glycine biosynthesis I|g__Blautia.s__Blautia_obeum	0.0000000000
SER-GLYSYN-PWY: superpathway of L-serine and glycine biosynthesis I|g__Ruminococcus.s__Ruminococcus_lactaris	0.3684608354
SER-GLYSYN-PWY: superpathway of L-serine and glycine biosynthesis I|g__Bacteroides.s__Bacteroides_stercoris	0.1035257541
SER-GLYSYN-PWY: superpathway of L-serine and glycine biosynthesis I|g__Bacteroides.s__Bacteroides_vulgatus	0.1779385982
SER-GLYSYN-PWY: superpathway of L-serine and glycine biosynthesis I|g__Bacteroides.s__Bacteroides_caccae	0.7960864699
SER-GLYSYN-PWY: superpathway of L-serine and glycine biosynthesis I|g__Bacteroides.s__Bacteroides_xylanisolvens	0.1288705731
SER-GLYSYN-PWY: superpathway of L-serine and glycine biosynthesis I|g__Streptococcus.s__Streptococcus_pneumoniae	0.1881780053
SER-GLYSYN-PWY: superpathway of L-serine and glycine biosynthesis I|g__Ruminococcus.s__Ruminococcus_sp_AF31_8BH	0.0104970685
SER-GLYSYN-PWY: superpathway of L-serine and glycine biosynthesis I|g__Bacteroides.s__Bacteroides_thetaiotaomicron	0.4628800993
PYRIDNUCSYN-PWY: NAD de novo biosynthesis I (from aspartate)	0.9999996605
PYRIDNUCSYN-PWY: NAD de novo biosynthesis I (from aspartate)|unclassified	0.0000000000
PYRIDNUCSYN-PWY: NAD de novo biosynthesis I (from aspartate)|g__Bifidobacterium.s__Bifidobacterium_bifidum	0.0000000000
PYRIDNUCSYN-PWY: NAD de novo biosynthesis I (from aspartate)|g__Anaerostipes.s__Anaerostipes_hadrus	0.0000001531
PYRIDNUCSYN-PWY: NAD de novo biosynthesis I (from aspartate)|g__Catenibacterium.s__Catenibacterium_mitsuokai	0.0000000000
PYRIDNUCSYN-PWY: NAD de novo biosynthesis I (from aspartate)|g__Bifidobacterium.s__Bifidobacterium_breve	0.0000000000
PWY-622: starch biosynthesis	0.0000000000
PWY-622: starch biosynthesis|unclassified	0.0000000000
PENTOSE-P-PWY: pentose phosphate pathway	0.0000000005
PENTOSE-P-PWY: pentose phosphate pathway|unclassified	0.0000000000
PENTOSE-P-PWY: pentose phosphate pathway|g__Bifidobacterium.s__Bifidobacterium_bifidum	0.0000000000
PENTOSE-P-PWY: pentose phosphate pathway|g__Catenibacterium.s__Catenibacterium_mitsuokai	0.0000000000
PENTOSE-P-PWY: pentose phosphate pathway|g__Erysipelatoclostridium.s__Clostridium_innocuum	0.1341929458
PWY-5484: glycolysis II (from fructose 6-phosphate)	0.0000000000
PWY-5484: glycolysis II (from fructose 6-phosphate)|unclassified	0.0000000000
PWY-5484: glycolysis II (from fructose 6-phosphate)|g__Catenibacterium.s__Catenibacterium_mitsuokai	0.0000000000
DAPLYSINESYN-PWY: L-lysine biosynthesis I	0.0000000000
DAPLYSINESYN-PWY: L-lysine biosynthesis I|unclassified	0.0000000000
DAPLYSINESYN-PWY: L-lysine biosynthesis I|g__Bifidobacterium.s__Bifidobacterium_adolescentis	0.5562002360
PANTOSYN-PWY: superpathway of coenzyme A biosynthesis I (bacteria)	0.0000000046
PANTOSYN-PWY: superpathway of coenzyme A biosynthesis I (bacteria)|unclassified	0.0000000000
PANTOSYN-PWY: superpathway of coenzyme A biosynthesis I (bacteria)|g__Lachnospiraceae_unclassified.s__Eubacterium_rectale	0.0000011770
PANTOSYN-PWY: superpathway of coenzyme A biosynthesis I (bacteria)|g__Anaerostipes.s__Anaerostipes_hadrus	0.0000005053
PANTOSYN-PWY: superpathway of coenzyme A biosynthesis I (bacteria)|g__Roseburia.s__Roseburia_faecis	0.1784228534
PANTOSYN-PWY: superpathway of coenzyme A biosynthesis I (bacteria)|g__Blautia.s__Blautia_wexlerae	0.0000000000
PANTOSYN-PWY: superpathway of coenzyme A biosynthesis I (bacteria)|g__Catenibacterium.s__Catenibacterium_mitsuokai	0.0000000000
PANTOSYN-PWY: superpathway of coenzyme A biosynthesis I (bacteria)|g__Senegalimassilia.s__Senegalimassilia_anaerobia	0.1028325420
PANTOSYN-PWY: superpathway of coenzyme A biosynthesis I (bacteria)|g__Sellimonas.s__Sellimonas_intestinalis	0.0000000144
PANTOSYN-PWY: superpathway of coenzyme A biosynthesis I (bacteria)|g__Bacteroides.s__Bacteroides_stercoris	0.4154653016
PANTOSYN-PWY: superpathway of coenzyme A biosynthesis I (bacteria)|g__Eggerthella.s__Eggerthella_lenta	0.0008327696
PANTOSYN-PWY: superpathway of coenzyme A biosynthesis I (bacteria)|g__Agathobaculum.s__Agathobaculum_butyriciproducens	0.1516602228
PANTOSYN-PWY: superpathway of coenzyme A biosynthesis I (bacteria)|g__Bacteroides.s__Bacteroides_xylanisolvens	0.3296001056
THISYNARA-PWY: superpathway of thiamine diphosphate biosynthesis III (eukaryotes)	0.0000522053
THISYNARA-PWY: superpathway of thiamine diphosphate biosynthesis III (eukaryotes)|g__Bifidobacterium.s__Bifidobacterium_bifidum	0.0023445520
THISYNARA-PWY: superpathway of thiamine diphosphate biosynthesis III (eukaryotes)|g__Lachnospiraceae_unclassified.s__Eubacterium_rectale	0.0158491951
THISYNARA-PWY: superpathway of thiamine diphosphate biosynthesis III (eukaryotes)|g__Roseburia.s__Roseburia_faecis	0.0470600835
THISYNARA-PWY: superpathway of thiamine diphosphate biosynthesis III (eukaryotes)|g__Faecalibacterium.s__Faecalibacterium_prausnitzii	0.0000000000
THISYNARA-PWY: superpathway of thiamine diphosphate biosynthesis III (eukaryotes)|g__Blautia.s__Blautia_sp_AF19_10LB	0.6590565070
THISYNARA-PWY: superpathway of thiamine diphosphate biosynthesis III (eukaryotes)|g__Catenibacterium.s__Catenibacterium_mitsuokai	0.0000000000
THISYNARA-PWY: superpathway of thiamine diphosphate biosynthesis III (eukaryotes)|g__Erysipelatoclostridium.s__Clostridium_innocuum	0.1466996570
PWY-6897: thiamine diphosphate salvage II	0.0000440067
PWY-6897: thiamine diphosphate salvage II|g__Bifidobacterium.s__Bifidobacterium_adolescentis	0.0000000000
PWY-6897: thiamine diphosphate salvage II|g__Lachnospiraceae_unclassified.s__Eubacterium_rectale	0.0000000000
PWY-6897: thiamine diphosphate salvage II|g__Faecalibacterium.s__Faecalibacterium_prausnitzii	0.0000000000
PWY-6897: thiamine diphosphate salvage II|g__Dialister.s__Dialister_invisus	0.2024843360
PWY-6897: thiamine diphosphate salvage II|g__Catenibacterium.s__Catenibacterium_mitsuokai	0.0000000000
PWY-6897: thiamine diphosphate salvage II|g__Blautia.s__Blautia_sp_AF19_10LB	0.5769637400
PWY0-1061: superpathway of L-alanine biosynthesis	0.0000000000
PWY0-1061: superpathway of L-alanine biosynthesis|g__Bifidobacterium.s__Bifidobacterium_adolescentis	0.0036061954
PWY0-1061: superpathway of L-alanine biosynthesis|g__Bifidobacterium.s__Bifidobacterium_bifidum	0.0537677390
PWY0-1061: superpathway of L-alanine biosynthesis|g__Lachnospiraceae_unclassified.s__Eubacterium_rectale	0.1140528055
PWY0-1061: superpathway of L-alanine biosynthesis|unclassified	0.0000000000
PWY0-1061: superpathway of L-alanine biosynthesis|g__Bifidobacterium.s__Bifidobacterium_breve	0.0000000000
PWY-6901: superpathway of glucose and xylose degradation	0.0000000000
PWY-6901: superpathway of glucose and xylose degradation|unclassified	0.0000000000
PWY-6823: molybdopterin biosynthesis	1.0000000000
PWY-6823: molybdopterin biosynthesis|unclassified	0.6054367108
PWY-6823: molybdopterin biosynthesis|g__Lachnospiraceae_unclassified.s__Eubacterium_rectale	0.0233980887
PWY-6823: molybdopterin biosynthesis|g__Blautia.s__Blautia_obeum	0.9991904294
PWY-6823: molybdopterin biosynthesis|g__Anaerostipes.s__Anaerostipes_hadrus	0.0000037682
PWY-6823: molybdopterin biosynthesis|g__Roseburia.s__Roseburia_faecis	0.0013932093
PWY-6823: molybdopterin biosynthesis|g__Catenibacterium.s__Catenibacterium_mitsuokai	0.0201882283
PWY-6823: molybdopterin biosynthesis|g__Faecalibacterium.s__Faecalibacterium_prausnitzii	0.0000002301
PWY-6823: molybdopterin biosynthesis|g__Sellimonas.s__Sellimonas_intestinalis	0.7160593476
PWY-6823: molybdopterin biosynthesis|g__Senegalimassilia.s__Senegalimassilia_anaerobia	0.9089087252
PWY-6823: molybdopterin biosynthesis|g__Blautia.s__Blautia_sp_AF19_10LB	0.1666582621
PWY-6823: molybdopterin biosynthesis|g__Clostridiales_unclassified.s__Clostridiales_bacterium_KLE1615	0.4312649917
PWY-6823: molybdopterin biosynthesis|g__Eggerthella.s__Eggerthella_lenta	0.2181944434
PWY-6823: molybdopterin biosynthesis|g__Blautia.s__Blautia_wexlerae	0.0000000000
PWY-6823: molybdopterin biosynthesis|g__Blautia.s__Blautia_producta	0.2245688093
PWY-6823: molybdopterin biosynthesis|g__Clostridium.s__Clostridium_disporicum	0.0040814634
RIBOSYN2-PWY: flavin biosynthesis I (bacteria and plants)	0.0054336222
RIBOSYN2-PWY: flavin biosynthesis I (bacteria and plants)|unclassified	0.0000000000
RIBOSYN2-PWY: flavin biosynthesis I (bacteria and plants)|g__Lachnospiraceae_unclassified.s__Eubacterium_rectale	0.0542197626
RIBOSYN2-PWY: flavin biosynthesis I (bacteria and plants)|g__Faecalibacterium.s__Faecalibacterium_prausnitzii	0.9970399095
RIBOSYN2-PWY: flavin biosynthesis I (bacteria and plants)|g__Anaerostipes.s__Anaerostipes_hadrus	0.0000000000
RIBOSYN2-PWY: flavin biosynthesis I (bacteria and plants)|g__Blautia.s__Blautia_wexlerae	0.0000000217
RIBOSYN2-PWY: flavin biosynthesis I (bacteria and plants)|g__Blautia.s__Blautia_obeum	0.0000075043
RIBOSYN2-PWY: flavin biosynthesis I (bacteria and plants)|g__Agathobaculum.s__Agathobaculum_butyriciproducens	0.6583970488
PWY-5384: sucrose degradation IV (sucrose phosphorylase)	0.0000000000
PWY-5384: sucrose degradation IV (sucrose phosphorylase)|g__Bifidobacterium.s__Bifidobacterium_bifidum	0.9922739215
PWY-5384: sucrose degradation IV (sucrose phosphorylase)|g__Bifidobacterium.s__Bifidobacterium_adolescentis	0.0000000000
PWY-5384: sucrose degradation IV (sucrose phosphorylase)|g__Anaerostipes.s__Anaerostipes_hadrus	0.1728953327
PWY-5384: sucrose degradation IV (sucrose phosphorylase)|g__Roseburia.s__Roseburia_faecis	0.5116000362
PWY-5384: sucrose degradation IV (sucrose phosphorylase)|g__Bifidobacterium.s__Bifidobacterium_breve	0.9999986692
PWY-5384: sucrose degradation IV (sucrose phosphorylase)|unclassified	0.0000000000
PWY-5384: sucrose degradation IV (sucrose phosphorylase)|g__Faecalibacterium.s__Faecalibacterium_prausnitzii	0.0000000000
PWY-5384: sucrose degradation IV (sucrose phosphorylase)|g__Clostridium.s__Clostridium_disporicum	0.2846742166
PWY-5384: sucrose degradation IV (sucrose phosphorylase)|g__Streptococcus.s__Streptococcus_pneumoniae	0.7539232143
PWY-5384: sucrose degradation IV (sucrose phosphorylase)|g__Roseburia.s__Roseburia_inulinivorans	0.5627229406
PWY-5384: sucrose degradation IV (sucrose phosphorylase)|g__Streptococcus.s__Streptococcus_salivarius	0.0910455738
PWY-7400: L-arginine biosynthesis IV (archaebacteria)	0.0000000000
PWY-7400: L-arginine biosynthesis IV (archaebacteria)|unclassified	0.0000000000
PWY-7400: L-arginine biosynthesis IV (archaebacteria)|g__Catenibacterium.s__Catenibacterium_mitsuokai	0.0000000000
PWY-7117: C4 photosynthetic carbon assimilation cycle, PEPCK type	0.7862318164
PWY-7117: C4 photosynthetic carbon assimilation cycle, PEPCK type|unclassified	0.0000000000
PWY-1861: formaldehyde assimilation II (assimilatory RuMP Cycle)	0.0000000000
PWY-1861: formaldehyde assimilation II (assimilatory RuMP Cycle)|unclassified	0.0000000000
PWY-1861: formaldehyde assimilation II (assimilatory RuMP Cycle)|g__Anaerostipes.s__Anaerostipes_hadrus	0.0000111655
PWY-1861: formaldehyde assimilation II (assimilatory RuMP Cycle)|g__Erysipelatoclostridium.s__Clostridium_innocuum	0.8855055855
PANTO-PWY: phosphopantothenate biosynthesis I	0.0000000021
PANTO-PWY: phosphopantothenate biosynthesis I|unclassified	0.0000000000
PANTO-PWY: phosphopantothenate biosynthesis I|g__Anaerostipes.s__Anaerostipes_hadrus	0.7427101039
PANTO-PWY: phosphopantothenate biosynthesis I|g__Lachnospiraceae_unclassified.s__Eubacterium_rectale	0.0000005231
PANTO-PWY: phosphopantothenate biosynthesis I|g__Roseburia.s__Roseburia_faecis	0.7000765171
PANTO-PWY: phosphopantothenate biosynthesis I|g__Blautia.s__Blautia_wexlerae	0.0050670349
PANTO-PWY: phosphopantothenate biosynthesis I|g__Catenibacterium.s__Catenibacterium_mitsuokai	0.0000000000
PANTO-PWY: phosphopantothenate biosynthesis I|g__Senegalimassilia.s__Senegalimassilia_anaerobia	0.6591343828
PANTO-PWY: phosphopantothenate biosynthesis I|g__Agathobaculum.s__Agathobaculum_butyriciproducens	0.8818790803
PANTO-PWY: phosphopantothenate biosynthesis I|g__Bacteroides.s__Bacteroides_stercoris	0.7603705881
PANTO-PWY: phosphopantothenate biosynthesis I|g__Sellimonas.s__Sellimonas_intestinalis	0.0000000065
PANTO-PWY: phosphopantothenate biosynthesis I|g__Bacteroides.s__Bacteroides_vulgatus	0.5217841027
PANTO-PWY: phosphopantothenate biosynthesis I|g__Ruminococcus.s__Ruminococcus_lactaris	0.1191853128
PANTO-PWY: phosphopantothenate biosynthesis I|g__Bacteroides.s__Bacteroides_xylanisolvens	0.7925207842
PANTO-PWY: phosphopantothenate biosynthesis I|g__Clostridium.s__Clostridium_disporicum	0.1335259786
PANTO-PWY: phosphopantothenate biosynthesis I|g__Eggerthella.s__Eggerthella_lenta	0.0003708723
PANTO-PWY: phosphopantothenate biosynthesis I|g__Erysipelatoclostridium.s__Clostridium_spiroforme	0.1246762186
PWY-6630: superpathway of L-tyrosine biosynthesis	0.0000000000
PWY-6630: superpathway of L-tyrosine biosynthesis|g__Erysipelatoclostridium.s__Clostridium_innocuum	0.3167433571
PWY-6630: superpathway of L-tyrosine biosynthesis|unclassified	0.0000000000
PWY-6630: superpathway of L-tyrosine biosynthesis|g__Streptococcus.s__Streptococcus_salivarius	0.0021378085
PWY-241: C4 photosynthetic carbon assimilation cycle, NADP-ME type	0.0000000006
PWY-241: C4 photosynthetic carbon assimilation cycle, NADP-ME type|unclassified	0.0000000000
PWY-7237: myo-, chiro- and scyllo-inositol degradation	0.6080773322
PWY-7237: myo-, chiro- and scyllo-inositol degradation|g__Anaerostipes.s__Anaerostipes_hadrus	1.0000000000
PWY-7237: myo-, chiro- and scyllo-inositol degradation|g__Lachnospiraceae_unclassified.s__Eubacterium_rectale	0.7763871491
PWY-7237: myo-, chiro- and scyllo-inositol degradation|g__Blautia.s__Blautia_wexlerae	1.0000000000
PWY-7237: myo-, chiro- and scyllo-inositol degradation|g__Bifidobacterium.s__Bifidobacterium_adolescentis	0.0000000000
PWY-7237: myo-, chiro- and scyllo-inositol degradation|g__Faecalibacterium.s__Faecalibacterium_prausnitzii	0.9956796689
PWY-7237: myo-, chiro- and scyllo-inositol degradation|unclassified	0.0000000000
PWY-7237: myo-, chiro- and scyllo-inositol degradation|g__Blautia.s__Blautia_obeum	0.0061880459
PWY-7237: myo-, chiro- and scyllo-inositol degradation|g__Agathobaculum.s__Agathobaculum_butyriciproducens	1.0000000000
PWY-7237: myo-, chiro- and scyllo-inositol degradation|g__Clostridium.s__Clostridium_disporicum	0.9534070193
PWY-7237: myo-, chiro- and scyllo-inositol degradation|g__Erysipelatoclostridium.s__Clostridium_innocuum	0.4032113709
PWY-7237: myo-, chiro- and scyllo-inositol degradation|g__Roseburia.s__Roseburia_inulinivorans	0.9247329522
PWY-7237: myo-, chiro- and scyllo-inositol degradation|g__Flavonifractor.s__Flavonifractor_plautii	0.4721759813
PWY-7237: myo-, chiro- and scyllo-inositol degradation|g__Roseburia.s__Roseburia_hominis	0.0000000000
PWY-7199: pyrimidine deoxyribonucleosides salvage	0.0000000000
PWY-7199: pyrimidine deoxyribonucleosides salvage|unclassified	0.0010217748
PWY-7199: pyrimidine deoxyribonucleosides salvage|g__Roseburia.s__Roseburia_hominis	0.0191681515
PWY-7199: pyrimidine deoxyribonucleosides salvage|g__Catenibacterium.s__Catenibacterium_mitsuokai	0.0000000000
PWY-7199: pyrimidine deoxyribonucleosides salvage|g__Blautia.s__Blautia_sp_AF19_10LB	0.1503345256
PWY-7199: pyrimidine deoxyribonucleosides salvage|g__Bacteroides.s__Bacteroides_stercoris	0.1799390545
PWY-7199: pyrimidine deoxyribonucleosides salvage|g__Bacteroides.s__Bacteroides_vulgatus	0.3550854154
PWY-7199: pyrimidine deoxyribonucleosides salvage|g__Clostridium.s__Clostridium_disporicum	0.0085679403
PWY-7199: pyrimidine deoxyribonucleosides salvage|g__Streptococcus.s__Streptococcus_equinus	0.8251086020
PWY-7199: pyrimidine deoxyribonucleosides salvage|g__Streptococcus.s__Streptococcus_pneumoniae	0.0209479355
PWY-7199: pyrimidine deoxyribonucleosides salvage|g__Streptococcus.s__Streptococcus_vestibularis	0.3841076594
PWY-621: sucrose degradation III (sucrose invertase)	0.0000000000
PWY-621: sucrose degradation III (sucrose invertase)|g__Bifidobacterium.s__Bifidobacterium_bifidum	0.2187232115
PWY-621: sucrose degradation III (sucrose invertase)|g__Anaerostipes.s__Anaerostipes_hadrus	0.1764896178
PWY-621: sucrose degradation III (sucrose invertase)|g__Roseburia.s__Roseburia_faecis	0.7478023461
PWY-621: sucrose degradation III (sucrose invertase)|unclassified	0.0000000000
PWY-621: sucrose degradation III (sucrose invertase)|g__Bifidobacterium.s__Bifidobacterium_breve	0.0000108730
PWY-621: sucrose degradation III (sucrose invertase)|g__Clostridium.s__Clostridium_disporicum	0.5169088429
PWY-621: sucrose degradation III (sucrose invertase)|g__Streptococcus.s__Streptococcus_pneumoniae	0.7715329822
PWY-621: sucrose degradation III (sucrose invertase)|g__Streptococcus.s__Streptococcus_salivarius	0.1250857130
PWY-621: sucrose degradation III (sucrose invertase)|g__Bacteroides.s__Bacteroides_thetaiotaomicron	0.4925741958
PWY-5188: tetrapyrrole biosynthesis I (from glutamate)	0.0000000002
PWY-5188: tetrapyrrole biosynthesis I (from glutamate)|g__Ruminococcus.s__Ruminococcus_bromii	0.4280416480
PWY-5188: tetrapyrrole biosynthesis I (from glutamate)|unclassified	0.0000000000
PWY-5188: tetrapyrrole biosynthesis I (from glutamate)|g__Roseburia.s__Roseburia_faecis	0.0207145548
PWY-5188: tetrapyrrole biosynthesis I (from glutamate)|g__Anaerostipes.s__Anaerostipes_hadrus	0.0000000000
PWY-5188: tetrapyrrole biosynthesis I (from glutamate)|g__Blautia.s__Blautia_wexlerae	0.8447696375
PWY-5188: tetrapyrrole biosynthesis I (from glutamate)|g__Dialister.s__Dialister_invisus	0.0355595886
PWY-5188: tetrapyrrole biosynthesis I (from glutamate)|g__Blautia.s__Blautia_sp_AF19_10LB	0.0094343861
PWY-5188: tetrapyrrole biosynthesis I (from glutamate)|g__Eggerthella.s__Eggerthella_lenta	0.0087418128
PWY-5188: tetrapyrrole biosynthesis I (from glutamate)|g__Erysipelatoclostridium.s__Clostridium_innocuum	0.0912243868
PWY-5188: tetrapyrrole biosynthesis I (from glutamate)|g__Blautia.s__Blautia_obeum	0.0000000000
COBALSYN-PWY: superpathway of adenosylcobalamin salvage from cobinamide I	0.0000000000
COBALSYN-PWY: superpathway of adenosylcobalamin salvage from cobinamide I|unclassified	0.0343641216
COBALSYN-PWY: superpathway of adenosylcobalamin salvage from cobinamide I|g__Faecalibacterium.s__Faecalibacterium_prausnitzii	0.0000002887
COBALSYN-PWY: superpathway of adenosylcobalamin salvage from cobinamide I|g__Blautia.s__Blautia_wexlerae	0.0000000008
COBALSYN-PWY: superpathway of adenosylcobalamin salvage from cobinamide I|g__Blautia.s__Blautia_obeum	0.0000000000
COBALSYN-PWY: superpathway of adenosylcobalamin salvage from cobinamide I|g__Catenibacterium.s__Catenibacterium_mitsuokai	0.0000000000
COBALSYN-PWY: superpathway of adenosylcobalamin salvage from cobinamide I|g__Senegalimassilia.s__Senegalimassilia_anaerobia	0.0071142231
COBALSYN-PWY: superpathway of adenosylcobalamin salvage from cobinamide I|g__Flavonifractor.s__Flavonifractor_plautii	0.0393655343
PWY-7234: inosine-5'-phosphate biosynthesis III	0.0000000000
PWY-7234: inosine-5'-phosphate biosynthesis III|g__Bifidobacterium.s__Bifidobacterium_adolescentis	0.0000012992
PWY-7234: inosine-5'-phosphate biosynthesis III|unclassified	0.0000000000
PWY-7234: inosine-5'-phosphate biosynthesis III|g__Streptococcus.s__Streptococcus_equinus	0.5926774295
PWY-4041: &gamma;-glutamyl cycle	0.0000000002
PWY-4041: &gamma;-glutamyl cycle|unclassified	0.0000684410
PWY-4041: &gamma;-glutamyl cycle|g__Bifidobacterium.s__Bifidobacterium_bifidum	0.0000000000
PWY-4041: &gamma;-glutamyl cycle|g__Bifidobacterium.s__Bifidobacterium_breve	0.6917921906
PWY-4041: &gamma;-glutamyl cycle|g__Streptococcus.s__Streptococcus_pneumoniae	0.6985372964
PWY-4041: &gamma;-glutamyl cycle|g__Clostridium.s__Clostridium_disporicum	0.0194345595
PWY-4041: &gamma;-glutamyl cycle|g__Streptococcus.s__Streptococcus_parasanguinis	0.5091040305
PWY-4041: &gamma;-glutamyl cycle|g__Streptococcus.s__Streptococcus_equinus	0.5374828025
PWY-4041: &gamma;-glutamyl cycle|g__Streptococcus.s__Streptococcus_salivarius	0.0040919546
PWY-7328: superpathway of UDP-glucose-derived O-antigen building blocks biosynthesis	0.0000000000
PWY-7328: superpathway of UDP-glucose-derived O-antigen building blocks biosynthesis|unclassified	0.8800982683
PWY-7328: superpathway of UDP-glucose-derived O-antigen building blocks biosynthesis|g__Bifidobacterium.s__Bifidobacterium_bifidum	0.0000000000
ASPASN-PWY: superpathway of L-aspartate and L-asparagine biosynthesis	0.0000000000
ASPASN-PWY: superpathway of L-aspartate and L-asparagine biosynthesis|unclassified	0.0000000000
ASPASN-PWY: superpathway of L-aspartate and L-asparagine biosynthesis|g__Blautia.s__Blautia_wexlerae	0.0000000000
ASPASN-PWY: superpathway of L-aspartate and L-asparagine biosynthesis|g__Catenibacterium.s__Catenibacterium_mitsuokai	0.0000000000
ASPASN-PWY: superpathway of L-aspartate and L-asparagine biosynthesis|g__Bacteroides.s__Bacteroides_stercoris	0.2878695260
ASPASN-PWY: superpathway of L-aspartate and L-asparagine biosynthesis|g__Erysipelatoclostridium.s__Clostridium_innocuum	0.0798462819
ASPASN-PWY: superpathway of L-aspartate and L-asparagine biosynthesis|g__Bacteroides.s__Bacteroides_vulgatus	0.3294833847
ASPASN-PWY: superpathway of L-aspartate and L-asparagine biosynthesis|g__Escherichia.s__Escherichia_coli	0.3903956700
PWY0-162: superpathway of pyrimidine ribonucleotides de novo biosynthesis	0.0000000000
PWY0-162: superpathway of pyrimidine ribonucleotides de novo biosynthesis|unclassified	0.0000000000
PWY-I9: L-cysteine biosynthesis VI (from L-methionine)	0.0000000000
PWY-I9: L-cysteine biosynthesis VI (from L-methionine)|unclassified	0.0000000000
PWY-I9: L-cysteine biosynthesis VI (from L-methionine)|g__Anaerostipes.s__Anaerostipes_hadrus	0.0000000018
PHOSLIPSYN-PWY: superpathway of phospholipid biosynthesis I (bacteria)	0.0000000000
PHOSLIPSYN-PWY: superpathway of phospholipid biosynthesis I (bacteria)|unclassified	0.0000000000
PHOSLIPSYN-PWY: superpathway of phospholipid biosynthesis I (bacteria)|g__Catenibacterium.s__Catenibacterium_mitsuokai	0.0000000000
PWY3O-4107: NAD salvage pathway V (PNC V cycle)	0.0000000000
PWY3O-4107: NAD salvage pathway V (PNC V cycle)|g__Bifidobacterium.s__Bifidobacterium_bifidum	0.0022899446
PWY3O-4107: NAD salvage pathway V (PNC V cycle)|unclassified	0.0000000000
PWY-702: L-methionine biosynthesis II	0.0000000000
PWY-702: L-methionine biosynthesis II|unclassified	0.0000000000
PWY-702: L-methionine biosynthesis II|g__Streptococcus.s__Streptococcus_pneumoniae	0.5598610205
PWY-702: L-methionine biosynthesis II|g__Streptococcus.s__Streptococcus_equinus	0.7342310309
PWY-702: L-methionine biosynthesis II|g__Streptococcus.s__Streptococcus_salivarius	0.1308699201
P461-PWY: hexitol fermentation to lactate, formate, ethanol and acetate	0.0000000000
P461-PWY: hexitol fermentation to lactate, formate, ethanol and acetate|g__Anaerostipes.s__Anaerostipes_hadrus	0.4549012684
P461-PWY: hexitol fermentation to lactate, formate, ethanol and acetate|unclassified	0.0000000000
P461-PWY: hexitol fermentation to lactate, formate, ethanol and acetate|g__Erysipelatoclostridium.s__Clostridium_innocuum	0.6081277365
GLCMANNANAUT-PWY: superpathway of N-acetylglucosamine, N-acetylmannosamine and N-acetylneuraminate degradation	0.0000000000
GLCMANNANAUT-PWY: superpathway of N-acetylglucosamine, N-acetylmannosamine and N-acetylneuraminate degradation|g__Blautia.s__Blautia_wexlerae	0.9999969453
GLCMANNANAUT-PWY: superpathway of N-acetylglucosamine, N-acetylmannosamine and N-acetylneuraminate degradation|unclassified	0.0000000000
GLCMANNANAUT-PWY: superpathway of N-acetylglucosamine, N-acetylmannosamine and N-acetylneuraminate degradation|g__Faecalibacterium.s__Faecalibacterium_prausnitzii	0.0000000002
GLCMANNANAUT-PWY: superpathway of N-acetylglucosamine, N-acetylmannosamine and N-acetylneuraminate degradation|g__Blautia.s__Blautia_obeum	0.0000000000
GLCMANNANAUT-PWY: superpathway of N-acetylglucosamine, N-acetylmannosamine and N-acetylneuraminate degradation|g__Roseburia.s__Roseburia_inulinivorans	0.2539009798
PWY-2941: L-lysine biosynthesis II	0.0000000000
PWY-2941: L-lysine biosynthesis II|g__Roseburia.s__Roseburia_hominis	0.6810608974
PWY-2941: L-lysine biosynthesis II|g__Catenibacterium.s__Catenibacterium_mitsuokai	0.0000119912
PWY-2941: L-lysine biosynthesis II|unclassified	0.0000000000
PWY-2941: L-lysine biosynthesis II|g__Erysipelatoclostridium.s__Clostridium_innocuum	0.8492257314
PWY-7345: superpathway of anaerobic sucrose degradation	0.0000000000
PWY-7345: superpathway of anaerobic sucrose degradation|unclassified	0.0000000000
P124-PWY: Bifidobacterium shunt	0.0000000000
GLUCONEO-PWY: gluconeogenesis I	0.0000000000
GLUCONEO-PWY: gluconeogenesis I|unclassified	0.0000000000
PWY-7229: superpathway of adenosine nucleotides de novo biosynthesis I	0.0000000000
PWY-7229: superpathway of adenosine nucleotides de novo biosynthesis I|g__Dialister.s__Dialister_invisus	0.5951048902
PWY-7229: superpathway of adenosine nucleotides de novo biosynthesis I|unclassified	0.0000000000
PWY-7229: superpathway of adenosine nucleotides de novo biosynthesis I|g__Eggerthella.s__Eggerthella_lenta	0.5501424933
PWY-7229: superpathway of adenosine nucleotides de novo biosynthesis I|g__Bacteroides.s__Bacteroides_xylanisolvens	0.0746086032
PWY-8004: Entner-Doudoroff pathway I	0.0000000000
PWY-8004: Entner-Doudoroff pathway I|unclassified	0.0000000000
PWY-7356: thiamine diphosphate salvage IV (yeast)	0.0000000000
PWY-7356: thiamine diphosphate salvage IV (yeast)|g__Bifidobacterium.s__Bifidobacterium_adolescentis	0.0000000000
PWY-6731: starch degradation III	0.0000000000
PWY-6731: starch degradation III|unclassified	0.0000000000
PWY-6731: starch degradation III|g__Blautia.s__Blautia_wexlerae	0.0188147799
PWY-6731: starch degradation III|g__Blautia.s__Blautia_obeum	0.0000003199
PWY-6731: starch degradation III|g__Catenibacterium.s__Catenibacterium_mitsuokai	0.0000000000
PWY-6731: starch degradation III|g__Clostridium.s__Clostridium_disporicum	0.3361713573
PWY-6731: starch degradation III|g__Agathobaculum.s__Agathobaculum_butyriciproducens	0.0993620656
PWY-6731: starch degradation III|g__Roseburia.s__Roseburia_inulinivorans	0.3429129263
P185-PWY: formaldehyde assimilation III (dihydroxyacetone cycle)	0.0000000000
P185-PWY: formaldehyde assimilation III (dihydroxyacetone cycle)|unclassified	0.0000000000
PWY-841: superpathway of purine nucleotides de novo biosynthesis I	0.0000000000
PWY-841: superpathway of purine nucleotides de novo biosynthesis I|g__Dialister.s__Dialister_invisus	0.4213566583
PWY-841: superpathway of purine nucleotides de novo biosynthesis I|unclassified	0.0000000000
PWY-841: superpathway of purine nucleotides de novo biosynthesis I|g__Eggerthella.s__Eggerthella_lenta	0.0096869107
GLYCOCAT-PWY: glycogen degradation I	0.0000000000
GLYCOCAT-PWY: glycogen degradation I|g__Bifidobacterium.s__Bifidobacterium_bifidum	0.0000000000
GLYCOCAT-PWY: glycogen degradation I|g__Bifidobacterium.s__Bifidobacterium_breve	0.0000163104
GLYCOCAT-PWY: glycogen degradation I|g__Catenibacterium.s__Catenibacterium_mitsuokai	0.0000000000
PWY-5676: acetyl-CoA fermentation to butanoate II	0.0000000000
PWY-5676: acetyl-CoA fermentation to butanoate II|g__Anaerostipes.s__Anaerostipes_hadrus	0.0000167360
METH-ACETATE-PWY: methanogenesis from acetate	0.0000000000
METH-ACETATE-PWY: methanogenesis from acetate|unclassified	0.0000000000
METH-ACETATE-PWY: methanogenesis from acetate|g__Blautia.s__Blautia_wexlerae	0.0000000087
METH-ACETATE-PWY: methanogenesis from acetate|g__Blautia.s__Blautia_sp_AF19_10LB	0.0255227057
METH-ACETATE-PWY: methanogenesis from acetate|g__Blautia.s__Blautia_obeum	0.0000000000
PWY-6703: preQ0 biosynthesis	0.0000000000
PWY-6703: preQ0 biosynthesis|unclassified	0.0000000000
PWY-6703: preQ0 biosynthesis|g__Anaerostipes.s__Anaerostipes_hadrus	0.0000000201
PWY-6703: preQ0 biosynthesis|g__Dialister.s__Dialister_invisus	0.5218869732
PWY-6703: preQ0 biosynthesis|g__Senegalimassilia.s__Senegalimassilia_anaerobia	0.9948159348
PWY-6703: preQ0 biosynthesis|g__Catenibacterium.s__Catenibacterium_mitsuokai	0.0000000000
PWY-6703: preQ0 biosynthesis|g__Bacteroides.s__Bacteroides_stercoris	0.6561877762
PWY-6703: preQ0 biosynthesis|g__Ruminococcus.s__Ruminococcus_lactaris	0.1265488905
PWY-6703: preQ0 biosynthesis|g__Streptococcus.s__Streptococcus_salivarius	0.7974322991
PWY-6703: preQ0 biosynthesis|g__Bacteroides.s__Bacteroides_vulgatus	0.1624199626
PWY-6703: preQ0 biosynthesis|g__Bacteroides.s__Bacteroides_xylanisolvens	0.1228393818
PWY-6703: preQ0 biosynthesis|g__Streptococcus.s__Streptococcus_equinus	0.5675497625
PWY-6703: preQ0 biosynthesis|g__Streptococcus.s__Streptococcus_vestibularis	0.4076501597
PWY-6353: purine nucleotides degradation II (aerobic)	0.0000000000
PWY-6353: purine nucleotides degradation II (aerobic)|g__Anaerostipes.s__Anaerostipes_hadrus	0.0000000000
PWY-6353: purine nucleotides degradation II (aerobic)|unclassified	0.0000000000
PWY-6292: superpathway of L-cysteine biosynthesis (mammalian)	0.0000000000
PWY-6292: superpathway of L-cysteine biosynthesis (mammalian)|unclassified	0.0000000000
PWY4FS-7: phosphatidylglycerol biosynthesis I (plastidic)	0.0000000000
PWY4FS-7: phosphatidylglycerol biosynthesis I (plastidic)|unclassified	0.0000000000
PWY4FS-7: phosphatidylglycerol biosynthesis I (plastidic)|g__Catenibacterium.s__Catenibacterium_mitsuokai	0.0000000000
PWY4FS-8: phosphatidylglycerol biosynthesis II (non-plastidic)	0.0000000000
PWY4FS-8: phosphatidylglycerol biosynthesis II (non-plastidic)|unclassified	0.0000000000
PWY4FS-8: phosphatidylglycerol biosynthesis II (non-plastidic)|g__Catenibacterium.s__Catenibacterium_mitsuokai	0.0000000000
PWY-7208: superpathway of pyrimidine nucleobases salvage	0.0000000000
PWY-7208: superpathway of pyrimidine nucleobases salvage|g__Dialister.s__Dialister_invisus	0.0543999289
PWY-7208: superpathway of pyrimidine nucleobases salvage|unclassified	0.0000000000
PWY-7208: superpathway of pyrimidine nucleobases salvage|g__Erysipelatoclostridium.s__Clostridium_innocuum	0.6576936585
PWY-7208: superpathway of pyrimidine nucleobases salvage|g__Senegalimassilia.s__Senegalimassilia_anaerobia	0.0068123233
PWY-7209: superpathway of pyrimidine ribonucleosides degradation	0.0000000000
LACTOSECAT-PWY: lactose and galactose degradation I	0.0000000000
LACTOSECAT-PWY: lactose and galactose degradation I|g__Anaerostipes.s__Anaerostipes_hadrus	0.0000000000
LACTOSECAT-PWY: lactose and galactose degradation I|unclassified	0.0000000000
PWY-5659: GDP-mannose biosynthesis	0.0000000000
PWY-5659: GDP-mannose biosynthesis|unclassified	0.0000000000
PWY-5659: GDP-mannose biosynthesis|g__Faecalibacterium.s__Faecalibacterium_prausnitzii	0.0000000000
PWY-5659: GDP-mannose biosynthesis|g__Clostridium.s__Clostridium_disporicum	0.3187254455
PWY-5659: GDP-mannose biosynthesis|g__Roseburia.s__Roseburia_faecis	0.0000000000
GOLPDLCAT-PWY: superpathway of glycerol degradation to 1,3-propanediol	0.0000000000
GOLPDLCAT-PWY: superpathway of glycerol degradation to 1,3-propanediol|unclassified	0.0000000000
GOLPDLCAT-PWY: superpathway of glycerol degradation to 1,3-propanediol|g__Anaerostipes.s__Anaerostipes_hadrus	0.0000000001
RUMP-PWY: formaldehyde oxidation I	0.0000000000
PWY-6126: superpathway of adenosine nucleotides de novo biosynthesis II	0.0000000000
PWY-6126: superpathway of adenosine nucleotides de novo biosynthesis II|g__Dialister.s__Dialister_invisus	0.5663850714
PWY-6126: superpathway of adenosine nucleotides de novo biosynthesis II|unclassified	0.0000000000
PWY-6126: superpathway of adenosine nucleotides de novo biosynthesis II|g__Eggerthella.s__Eggerthella_lenta	0.5864811758
PWY-6126: superpathway of adenosine nucleotides de novo biosynthesis II|g__Bacteroides.s__Bacteroides_xylanisolvens	0.0808109469
COLANSYN-PWY: colanic acid building blocks biosynthesis	0.0000000000
COLANSYN-PWY: colanic acid building blocks biosynthesis|unclassified	0.0000000000
PWY-7315: dTDP-N-acetylthomosamine biosynthesis	0.0000000000
PWY-7315: dTDP-N-acetylthomosamine biosynthesis|g__Lachnospiraceae_unclassified.s__Eubacterium_rectale	0.0793729071
PWY-7315: dTDP-N-acetylthomosamine biosynthesis|g__Blautia.s__Blautia_sp_AF19_10LB	0.4045923165
GLYCOLYSIS-E-D: superpathway of glycolysis and the Entner-Doudoroff pathway	0.0000000000
GLYCOLYSIS-E-D: superpathway of glycolysis and the Entner-Doudoroff pathway|unclassified	0.0000000000
PWY-6608: guanosine nucleotides degradation III	0.0000000000
PWY-6608: guanosine nucleotides degradation III|g__Anaerostipes.s__Anaerostipes_hadrus	0.0328410930
PWY-6608: guanosine nucleotides degradation III|g__Blautia.s__Blautia_wexlerae	0.0008965946
PWY-6608: guanosine nucleotides degradation III|g__Blautia.s__Blautia_obeum	0.0059149435
PWY-6608: guanosine nucleotides degradation III|unclassified	0.0000000000
PWY-6608: guanosine nucleotides degradation III|g__Faecalibacterium.s__Faecalibacterium_prausnitzii	0.0000000000
PWY-6608: guanosine nucleotides degradation III|g__Escherichia.s__Escherichia_coli	0.0044486981
PWY1ZNC-1: assimilatory sulfate reduction IV	0.0000000000
PWY1ZNC-1: assimilatory sulfate reduction IV|unclassified	0.0000000000
PWY-7013: (S)-propane-1,2-diol degradation	0.0000000000
PWY-7013: (S)-propane-1,2-diol degradation|unclassified	0.0000000000
PWY-7013: (S)-propane-1,2-diol degradation|g__Flavonifractor.s__Flavonifractor_plautii	0.2544735515
HEXITOLDEGSUPER-PWY: superpathway of hexitol degradation (bacteria)	0.0000000000
PWY-7228: superpathway of guanosine nucleotides de novo biosynthesis I	0.0000000000
PWY-7228: superpathway of guanosine nucleotides de novo biosynthesis I|g__Dialister.s__Dialister_invisus	0.5806858185
PWY-7228: superpathway of guanosine nucleotides de novo biosynthesis I|unclassified	0.0000000000
PWY-7228: superpathway of guanosine nucleotides de novo biosynthesis I|g__Eggerthella.s__Eggerthella_lenta	0.8069911963
PWY-7228: superpathway of guanosine nucleotides de novo biosynthesis I|g__Erysipelatoclostridium.s__Clostridium_innocuum	0.8585525217
PWY-7228: superpathway of guanosine nucleotides de novo biosynthesis I|g__Bacteroides.s__Bacteroides_vulgatus	0.7516902973
PWY-7228: superpathway of guanosine nucleotides de novo biosynthesis I|g__Bacteroides.s__Bacteroides_xylanisolvens	0.3404719027
PWY-7228: superpathway of guanosine nucleotides de novo biosynthesis I|g__Bacteroides.s__Bacteroides_caccae	0.0906424116
PWY-7228: superpathway of guanosine nucleotides de novo biosynthesis I|g__Bacteroides.s__Bacteroides_thetaiotaomicron	0.4399024474
PWY-7663: gondoate biosynthesis (anaerobic)	0.0000000000
PWY-7663: gondoate biosynthesis (anaerobic)|g__Bifidobacterium.s__Bifidobacterium_breve	0.5162592684
PWY-7663: gondoate biosynthesis (anaerobic)|g__Catenibacterium.s__Catenibacterium_mitsuokai	0.0000000000
PWY-7663: gondoate biosynthesis (anaerobic)|g__Bacteroides.s__Bacteroides_stercoris	0.5340081149
PWY-7663: gondoate biosynthesis (anaerobic)|unclassified	0.0000000000
PWY-7663: gondoate biosynthesis (anaerobic)|g__Bacteroides.s__Bacteroides_xylanisolvens	0.0523107194
PWY-7456: &beta;-(1,4)-mannan degradation	0.0000000000
PWY-7456: &beta;-(1,4)-mannan degradation|g__Clostridium.s__Clostridium_disporicum	0.1730110312
PWY-7456: &beta;-(1,4)-mannan degradation|g__Roseburia.s__Roseburia_faecis	0.0000000000
SALVADEHYPOX-PWY: adenosine nucleotides degradation II	0.0000000000
SALVADEHYPOX-PWY: adenosine nucleotides degradation II|g__Anaerostipes.s__Anaerostipes_hadrus	0.0407107869
SALVADEHYPOX-PWY: adenosine nucleotides degradation II|unclassified	0.0000000000
SALVADEHYPOX-PWY: adenosine nucleotides degradation II|g__Faecalibacterium.s__Faecalibacterium_prausnitzii	0.0000000000
RHAMCAT-PWY: L-rhamnose degradation I	0.0000000000
RHAMCAT-PWY: L-rhamnose degradation I|unclassified	0.0000000000
RHAMCAT-PWY: L-rhamnose degradation I|g__Senegalimassilia.s__Senegalimassilia_anaerobia	0.6217997880
RHAMCAT-PWY: L-rhamnose degradation I|g__Clostridium.s__Clostridium_disporicum	0.0849424354
RHAMCAT-PWY: L-rhamnose degradation I|g__Bacteroides.s__Bacteroides_xylanisolvens	0.1478899021
RHAMCAT-PWY: L-rhamnose degradation I|g__Bacteroides.s__Bacteroides_thetaiotaomicron	0.4946268572
PWY-6470: peptidoglycan biosynthesis V (&beta;-lactam resistance)	0.0000000000
FOLSYN-PWY: superpathway of tetrahydrofolate biosynthesis and salvage	0.0000000000
PWY-6125: superpathway of guanosine nucleotides de novo biosynthesis II	0.0000000000
PWY-6125: superpathway of guanosine nucleotides de novo biosynthesis II|g__Dialister.s__Dialister_invisus	0.3708911965
PWY-6125: superpathway of guanosine nucleotides de novo biosynthesis II|unclassified	0.0000000000
PWY-6125: superpathway of guanosine nucleotides de novo biosynthesis II|g__Erysipelatoclostridium.s__Clostridium_innocuum	0.6021586757
PWY-6125: superpathway of guanosine nucleotides de novo biosynthesis II|g__Eggerthella.s__Eggerthella_lenta	0.0071268269
PWY-6125: superpathway of guanosine nucleotides de novo biosynthesis II|g__Bacteroides.s__Bacteroides_xylanisolvens	0.2938109081
PWY-6125: superpathway of guanosine nucleotides de novo biosynthesis II|g__Bacteroides.s__Bacteroides_caccae	0.0668416316
PWY-6606: guanosine nucleotides degradation II	0.0000000000
PWY-6606: guanosine nucleotides degradation II|g__Anaerostipes.s__Anaerostipes_hadrus	0.0000000000
PWY-6606: guanosine nucleotides degradation II|unclassified	0.0000000000
PWY-6606: guanosine nucleotides degradation II|g__Escherichia.s__Escherichia_coli	0.0044486981
P164-PWY: purine nucleobases degradation I (anaerobic)	0.0000000000
P164-PWY: purine nucleobases degradation I (anaerobic)|unclassified	0.0000000000
PPGPPMET-PWY: ppGpp metabolism	0.0000000000
PPGPPMET-PWY: ppGpp metabolism|unclassified	0.0000000000
PWY-6607: guanosine nucleotides degradation I	0.0000000000
PWY-6607: guanosine nucleotides degradation I|unclassified	0.0000000000
PWY-5345: superpathway of L-methionine biosynthesis (by sulfhydrylation)	0.0000000000
PWY-5345: superpathway of L-methionine biosynthesis (by sulfhydrylation)|unclassified	0.0000000000
PWY-7198: pyrimidine deoxyribonucleotides de novo biosynthesis IV	0.0000000000
PWY-7198: pyrimidine deoxyribonucleotides de novo biosynthesis IV|g__Dialister.s__Dialister_invisus	0.2584545790
PWY-7198: pyrimidine deoxyribonucleotides de novo biosynthesis IV|unclassified	0.0000000000
PWY-6595: superpathway of guanosine nucleotides degradation (plants)	0.0000000000
PWY-6595: superpathway of guanosine nucleotides degradation (plants)|unclassified	0.0000000000
GLUCUROCAT-PWY: superpathway of &beta;-D-glucuronosides degradation	0.0000000000
GLUCUROCAT-PWY: superpathway of &beta;-D-glucuronosides degradation|g__Faecalibacterium.s__Faecalibacterium_prausnitzii	0.0000000000
GLUCUROCAT-PWY: superpathway of &beta;-D-glucuronosides degradation|unclassified	0.0000000000
FASYN-ELONG-PWY: fatty acid elongation -- saturated	0.0000000000
FASYN-ELONG-PWY: fatty acid elongation -- saturated|g__Bifidobacterium.s__Bifidobacterium_breve	0.5162592684
GALACTITOLCAT-PWY: galactitol degradation	0.0000000000
GALACTITOLCAT-PWY: galactitol degradation|g__Anaerostipes.s__Anaerostipes_hadrus	0.0049672357
GALACTITOLCAT-PWY: galactitol degradation|g__Escherichia.s__Escherichia_coli	0.5429591741
PWY-6507: 4-deoxy-L-threo-hex-4-enopyranuronate degradation	0.0000000000
PWY-6507: 4-deoxy-L-threo-hex-4-enopyranuronate degradation|g__Faecalibacterium.s__Faecalibacterium_prausnitzii	0.0000010549
PWY-6507: 4-deoxy-L-threo-hex-4-enopyranuronate degradation|unclassified	0.0000000000
PWY-7115: C4 photosynthetic carbon assimilation cycle, NAD-ME type	0.0000000000
PWY-7115: C4 photosynthetic carbon assimilation cycle, NAD-ME type|unclassified	0.0000000000
PWY-7664: oleate biosynthesis IV (anaerobic)	0.0000000000
PWY-7664: oleate biosynthesis IV (anaerobic)|g__Bifidobacterium.s__Bifidobacterium_breve	0.5162592684
PYRIDNUCSAL-PWY: NAD salvage pathway I (PNC VI cycle)	0.0000000000
PYRIDNUCSAL-PWY: NAD salvage pathway I (PNC VI cycle)|unclassified	0.0000000000
PWY-5973: cis-vaccenate biosynthesis	0.0000000000
PWY-5973: cis-vaccenate biosynthesis|g__Catenibacterium.s__Catenibacterium_mitsuokai	0.0000000000
PWY-5973: cis-vaccenate biosynthesis|g__Bacteroides.s__Bacteroides_stercoris	0.2377971688
PWY-5973: cis-vaccenate biosynthesis|g__Bacteroides.s__Bacteroides_xylanisolvens	0.0642588758
PWY-7282: 4-amino-2-methyl-5-diphosphomethylpyrimidine biosynthesis II	0.0000000000
PWY-7282: 4-amino-2-methyl-5-diphosphomethylpyrimidine biosynthesis II|g__Catenibacterium.s__Catenibacterium_mitsuokai	0.0000000000
SULFATE-CYS-PWY: superpathway of sulfate assimilation and cysteine biosynthesis	0.0000000000
SULFATE-CYS-PWY: superpathway of sulfate assimilation and cysteine biosynthesis|unclassified	0.0000000000
PWY0-862: (5Z)-dodecenoate biosynthesis I	0.0000000000
PWY0-862: (5Z)-dodecenoate biosynthesis I|g__Bifidobacterium.s__Bifidobacterium_breve	0.5162592684
PWY66-409: superpathway of purine nucleotide salvage	0.0000000000
PWY-5989: stearate biosynthesis II (bacteria and plants)	0.0000000000
PWY-7242: D-fructuronate degradation	0.0000000000
PWY-7242: D-fructuronate degradation|g__Faecalibacterium.s__Faecalibacterium_prausnitzii	0.0000010517
PWY-7242: D-fructuronate degradation|unclassified	0.0000000000
GALACTUROCAT-PWY: D-galacturonate degradation I	0.0000000000
GALACTUROCAT-PWY: D-galacturonate degradation I|g__Faecalibacterium.s__Faecalibacterium_prausnitzii	0.0000013186
GALACTUROCAT-PWY: D-galacturonate degradation I|unclassified	0.0000000000
PWY-5154: L-arginine biosynthesis III (via N-acetyl-L-citrulline)	0.0000000000
PWY-5154: L-arginine biosynthesis III (via N-acetyl-L-citrulline)|unclassified	0.0000000000
PWY-5154: L-arginine biosynthesis III (via N-acetyl-L-citrulline)|g__Catenibacterium.s__Catenibacterium_mitsuokai	0.0000000000
PWY-6902: chitin degradation II (Vibrio)	0.0000000000
PWY-6902: chitin degradation II (Vibrio)|unclassified	0.0000000000
PWY-6902: chitin degradation II (Vibrio)|g__Catenibacterium.s__Catenibacterium_mitsuokai	0.0000000000
PWY-6902: chitin degradation II (Vibrio)|g__Bifidobacterium.s__Bifidobacterium_bifidum	0.0000000000
PWY-6282: palmitoleate biosynthesis I (from (5Z)-dodec-5-enoate)	0.0000000000
PWY-6282: palmitoleate biosynthesis I (from (5Z)-dodec-5-enoate)|g__Bifidobacterium.s__Bifidobacterium_breve	0.5162592684
PWY-6895: superpathway of thiamine diphosphate biosynthesis II	0.0000000000
BIOTIN-BIOSYNTHESIS-PWY: biotin biosynthesis I	0.0000000000
PWY-6519: 8-amino-7-oxononanoate biosynthesis I	0.0000000000
PWY-6612: superpathway of tetrahydrofolate biosynthesis	0.0000000000
PWY-6549: L-glutamine biosynthesis III	0.0000000000
PWY-6549: L-glutamine biosynthesis III|unclassified	0.0000000000
PWY-7761: NAD salvage pathway II (PNC IV cycle)	0.0000000000
PWY-7761: NAD salvage pathway II (PNC IV cycle)|unclassified	0.0000000000
PWY-7220: adenosine deoxyribonucleotides de novo biosynthesis II	0.0000000000
PWY-7220: adenosine deoxyribonucleotides de novo biosynthesis II|g__Dialister.s__Dialister_invisus	0.5396590030
PWY-7220: adenosine deoxyribonucleotides de novo biosynthesis II|g__Eggerthella.s__Eggerthella_lenta	0.9808098583
PWY-7220: adenosine deoxyribonucleotides de novo biosynthesis II|unclassified	0.0000000000
PWY-7220: adenosine deoxyribonucleotides de novo biosynthesis II|g__Erysipelatoclostridium.s__Clostridium_innocuum	0.4201542136
PWY-7220: adenosine deoxyribonucleotides de novo biosynthesis II|g__Bacteroides.s__Bacteroides_vulgatus	0.7269213417
PWY-7220: adenosine deoxyribonucleotides de novo biosynthesis II|g__Bacteroides.s__Bacteroides_xylanisolvens	0.2154597044
PWY-7220: adenosine deoxyribonucleotides de novo biosynthesis II|g__Bacteroides.s__Bacteroides_caccae	0.0449357889
PWY-7220: adenosine deoxyribonucleotides de novo biosynthesis II|g__Bacteroides.s__Bacteroides_thetaiotaomicron	0.3089298170
PWY-7222: guanosine deoxyribonucleotides de novo biosynthesis II	0.0000000000
PWY-7222: guanosine deoxyribonucleotides de novo biosynthesis II|g__Dialister.s__Dialister_invisus	0.5396590030
PWY-7222: guanosine deoxyribonucleotides de novo biosynthesis II|g__Eggerthella.s__Eggerthella_lenta	0.9808098583
PWY-7222: guanosine deoxyribonucleotides de novo biosynthesis II|unclassified	0.0000000000
PWY-7222: guanosine deoxyribonucleotides de novo biosynthesis II|g__Erysipelatoclostridium.s__Clostridium_innocuum	0.4201542136
PWY-7222: guanosine deoxyribonucleotides de novo biosynthesis II|g__Bacteroides.s__Bacteroides_vulgatus	0.7269213417
PWY-7222: guanosine deoxyribonucleotides de novo biosynthesis II|g__Bacteroides.s__Bacteroides_xylanisolvens	0.2154597044
PWY-7222: guanosine deoxyribonucleotides de novo biosynthesis II|g__Bacteroides.s__Bacteroides_caccae	0.0449357889
PWY-7222: guanosine deoxyribonucleotides de novo biosynthesis II|g__Bacteroides.s__Bacteroides_thetaiotaomicron	0.3089298170
PWY-7196: superpathway of pyrimidine ribonucleosides salvage	0.0000000000
PWY-5913: partial TCA cycle (obligate autotrophs)	0.0000000000
PWY-5913: partial TCA cycle (obligate autotrophs)|unclassified	0.0000000000
FASYN-INITIAL-PWY: superpathway of fatty acid biosynthesis initiation (E. coli)	0.0000000000
PWY-7197: pyrimidine deoxyribonucleotide phosphorylation	0.0000000000
PWY-7197: pyrimidine deoxyribonucleotide phosphorylation|g__Dialister.s__Dialister_invisus	0.1661253452
PWY-7197: pyrimidine deoxyribonucleotide phosphorylation|unclassified	0.0000000000
PWY-7197: pyrimidine deoxyribonucleotide phosphorylation|g__Erysipelatoclostridium.s__Clostridium_innocuum	0.7705240005
PWY-7197: pyrimidine deoxyribonucleotide phosphorylation|g__Senegalimassilia.s__Senegalimassilia_anaerobia	0.0046073852
PWY-7197: pyrimidine deoxyribonucleotide phosphorylation|g__Eggerthella.s__Eggerthella_lenta	0.0419717834
PWY-8187: L-arginine degradation XIII (reductive Stickland reaction)	0.0000000000
PWY-8187: L-arginine degradation XIII (reductive Stickland reaction)|unclassified	0.0000000000
PWY-8187: L-arginine degradation XIII (reductive Stickland reaction)|g__Eggerthella.s__Eggerthella_lenta	0.9705952516
PWY-8187: L-arginine degradation XIII (reductive Stickland reaction)|g__Senegalimassilia.s__Senegalimassilia_anaerobia	0.0869322256
PWY-6147: 6-hydroxymethyl-dihydropterin diphosphate biosynthesis I	0.0000000000
PWY-6147: 6-hydroxymethyl-dihydropterin diphosphate biosynthesis I|g__Dialister.s__Dialister_invisus	0.4315565814
PWY-6147: 6-hydroxymethyl-dihydropterin diphosphate biosynthesis I|g__Catenibacterium.s__Catenibacterium_mitsuokai	0.0000000000
PWY-6147: 6-hydroxymethyl-dihydropterin diphosphate biosynthesis I|unclassified	0.0000000000
FERMENTATION-PWY: mixed acid fermentation	0.0000000000
FERMENTATION-PWY: mixed acid fermentation|unclassified	0.0000000000
PWY-8131: 5'-deoxyadenosine degradation II	0.0000000000
PWY-8131: 5'-deoxyadenosine degradation II|unclassified	0.0000000000
PWY-8131: 5'-deoxyadenosine degradation II|g__Erysipelatoclostridium.s__Clostridium_innocuum	0.5867557940
PWY-8131: 5'-deoxyadenosine degradation II|g__Blautia.s__Blautia_obeum	0.0000000000
PWY0-1298: superpathway of pyrimidine deoxyribonucleosides degradation	0.0000000000
PWY0-1298: superpathway of pyrimidine deoxyribonucleosides degradation|unclassified	0.0000000000
PWY-6590: superpathway of Clostridium acetobutylicum acidogenic fermentation	0.0000000000
POLYISOPRENSYN-PWY: polyisoprenoid biosynthesis (E. coli)	0.0000000000
PWY-5121: superpathway of geranylgeranyl diphosphate biosynthesis II (via MEP)	0.0000000000
PWY-5121: superpathway of geranylgeranyl diphosphate biosynthesis II (via MEP)|unclassified	0.0000000000
PWY-5121: superpathway of geranylgeranyl diphosphate biosynthesis II (via MEP)|g__Bacteroides.s__Bacteroides_vulgatus	0.1069533537
PWY-7323: superpathway of GDP-mannose-derived O-antigen building blocks biosynthesis	0.0000000000
PWY-7323: superpathway of GDP-mannose-derived O-antigen building blocks biosynthesis|unclassified	0.0000000000
PWY-5005: biotin biosynthesis II	0.0000000000
PWY0-1261: anhydromuropeptides recycling I	0.0000000000
PWY0-1261: anhydromuropeptides recycling I|unclassified	0.0000000000
PWY0-1261: anhydromuropeptides recycling I|g__Catenibacterium.s__Catenibacterium_mitsuokai	0.0000000000
PWY-5265: peptidoglycan biosynthesis II (staphylococci)	0.0000000000
SO4ASSIM-PWY: assimilatory sulfate reduction I	0.0000000000
SO4ASSIM-PWY: assimilatory sulfate reduction I|unclassified	0.0000000000
PWY-6168: flavin biosynthesis III (fungi)	0.0000000000
PWY0-1297: superpathway of purine deoxyribonucleosides degradation	0.0000000000
PWY0-1297: superpathway of purine deoxyribonucleosides degradation|g__Blautia.s__Blautia_sp_AF19_10LB	0.6945827354
CENTFERM-PWY: pyruvate fermentation to butanoate	0.0000000000
PWY-5505: L-glutamate and L-glutamine biosynthesis	0.0000000000
PWY-6969: TCA cycle V (2-oxoglutarate synthase)	0.0000000000
PWY-6969: TCA cycle V (2-oxoglutarate synthase)|unclassified	0.0000000000
PWY66-399: gluconeogenesis III	0.0000000000
PWY66-399: gluconeogenesis III|unclassified	0.0000000000
PWY0-1479: tRNA processing	0.0000000000
PWY0-1479: tRNA processing|unclassified	0.0000000000
HISDEG-PWY: L-histidine degradation I	0.0000000000
HISDEG-PWY: L-histidine degradation I|unclassified	0.0000000000
HISDEG-PWY: L-histidine degradation I|g__Catenibacterium.s__Catenibacterium_mitsuokai	0.0000000000
HISDEG-PWY: L-histidine degradation I|g__Bacteroides.s__Bacteroides_stercoris	0.4755463036
HISDEG-PWY: L-histidine degradation I|g__Bacteroides.s__Bacteroides_vulgatus	0.0746573868
HISDEG-PWY: L-histidine degradation I|g__Streptococcus.s__Streptococcus_parasanguinis	0.6478803915
CITRULBIO-PWY: L-citrulline biosynthesis	0.0000000000
CITRULBIO-PWY: L-citrulline biosynthesis|unclassified	0.0000000000
CITRULBIO-PWY: L-citrulline biosynthesis|g__Clostridium.s__Clostridium_disporicum	0.2247945756
ARG+POLYAMINE-SYN: superpathway of arginine and polyamine biosynthesis	0.0000000000
PWY0-1477: ethanolamine utilization	0.0000000000
PWY0-1477: ethanolamine utilization|unclassified	0.0000000000
PWY0-1477: ethanolamine utilization|g__Flavonifractor.s__Flavonifractor_plautii	0.4336544048
PWY0-1477: ethanolamine utilization|g__Blautia.s__Blautia_producta	0.2071843165
PWY0-845: superpathway of pyridoxal 5'-phosphate biosynthesis and salvage	0.0000000000
PWY0-845: superpathway of pyridoxal 5'-phosphate biosynthesis and salvage|g__Catenibacterium.s__Catenibacterium_mitsuokai	0.0000000000
PWY0-845: superpathway of pyridoxal 5'-phosphate biosynthesis and salvage|g__Bacteroides.s__Bacteroides_xylanisolvens	0.0264532424
ARGININE-SYN4-PWY: L-ornithine biosynthesis II	0.0000000000
ARGININE-SYN4-PWY: L-ornithine biosynthesis II|g__Catenibacterium.s__Catenibacterium_mitsuokai	0.0000000000
ARGININE-SYN4-PWY: L-ornithine biosynthesis II|g__Bacteroides.s__Bacteroides_stercoris	0.7955866473
ARGININE-SYN4-PWY: L-ornithine biosynthesis II|g__Bacteroides.s__Bacteroides_vulgatus	0.4315357236
ARGININE-SYN4-PWY: L-ornithine biosynthesis II|unclassified	0.0000000000
PWY-1269: CMP-3-deoxy-D-manno-octulosonate biosynthesis	0.0000000000
PWY-1269: CMP-3-deoxy-D-manno-octulosonate biosynthesis|g__Catenibacterium.s__Catenibacterium_mitsuokai	0.0000000000
PWY-1269: CMP-3-deoxy-D-manno-octulosonate biosynthesis|unclassified	0.0000000000
PWY-1269: CMP-3-deoxy-D-manno-octulosonate biosynthesis|g__Escherichia.s__Escherichia_coli	0.8670408068
PWY-1269: CMP-3-deoxy-D-manno-octulosonate biosynthesis|g__Bacteroides.s__Bacteroides_xylanisolvens	0.3531588937
PWY-4984: urea cycle	0.0000000000
PWY-4984: urea cycle|g__Clostridium.s__Clostridium_disporicum	0.0614621446
PWY-4984: urea cycle|g__Flavonifractor.s__Flavonifractor_plautii	0.1430198841
PWY-5030: L-histidine degradation III	0.0000000000
PWY-5030: L-histidine degradation III|g__Catenibacterium.s__Catenibacterium_mitsuokai	0.0000000000
PWY-5030: L-histidine degradation III|g__Bacteroides.s__Bacteroides_stercoris	0.5758496079
PWY-5030: L-histidine degradation III|g__Bacteroides.s__Bacteroides_vulgatus	0.1061223150
PWY-5497: purine nucleobases degradation II (anaerobic)	0.0000000000
PWY-5690: TCA cycle II (plants and fungi)	0.0000000000
PWY-7383: anaerobic energy metabolism (invertebrates, cytosol)	0.0000000000
PWY-7383: anaerobic energy metabolism (invertebrates, cytosol)|unclassified	0.0000000000
PWY0-781: aspartate superpathway	0.0000000000
PWY0-781: aspartate superpathway|unclassified	0.0000000000
FUC-RHAMCAT-PWY: superpathway of fucose and rhamnose degradation	0.0000000000
FUC-RHAMCAT-PWY: superpathway of fucose and rhamnose degradation|unclassified	0.0000000000
PWY-7211: superpathway of pyrimidine deoxyribonucleotides de novo biosynthesis	0.0000000000
PWY-5981: CDP-diacylglycerol biosynthesis III	0.0000000000
PWY-5981: CDP-diacylglycerol biosynthesis III|g__Streptococcus.s__Streptococcus_equinus	0.2394790726
P4-PWY: superpathway of L-lysine, L-threonine and L-methionine biosynthesis I	0.0000000000
P4-PWY: superpathway of L-lysine, L-threonine and L-methionine biosynthesis I|unclassified	0.0000000000
PWY-6305: superpathway of putrescine biosynthesis	0.0000000000
PWY-6305: superpathway of putrescine biosynthesis|unclassified	0.0000000000
PWY-6305: superpathway of putrescine biosynthesis|g__Clostridium.s__Clostridium_disporicum	0.0428543657
PYRIDOXSYN-PWY: pyridoxal 5'-phosphate biosynthesis I	0.0000000000
PYRIDOXSYN-PWY: pyridoxal 5'-phosphate biosynthesis I|g__Catenibacterium.s__Catenibacterium_mitsuokai	0.0000000000
PYRIDOXSYN-PWY: pyridoxal 5'-phosphate biosynthesis I|g__Bacteroides.s__Bacteroides_stercoris	0.3272141398
PYRIDOXSYN-PWY: pyridoxal 5'-phosphate biosynthesis I|g__Bacteroides.s__Bacteroides_xylanisolvens	0.0795096369
NAGLIPASYN-PWY: lipid IVA biosynthesis (E. coli)	0.0000000000
NAGLIPASYN-PWY: lipid IVA biosynthesis (E. coli)|g__Catenibacterium.s__Catenibacterium_mitsuokai	0.0000000000
NAGLIPASYN-PWY: lipid IVA biosynthesis (E. coli)|g__Bacteroides.s__Bacteroides_stercoris	0.0000007771
PWY-8073: lipid IVA biosynthesis (P. putida)	0.0000000000
PWY-8073: lipid IVA biosynthesis (P. putida)|g__Catenibacterium.s__Catenibacterium_mitsuokai	0.0000000000
PWY-8073: lipid IVA biosynthesis (P. putida)|g__Bacteroides.s__Bacteroides_stercoris	0.0000007771
PWY-5838: superpathway of menaquinol-8 biosynthesis I	0.0000000000
PWY-7392: taxadiene biosynthesis (engineered)	0.0000000000
POLYAMINSYN3-PWY: superpathway of polyamine biosynthesis II	0.0000000000
PWY-5840: superpathway of menaquinol-7 biosynthesis	0.0000000000
PWY-5897: superpathway of menaquinol-11 biosynthesis	0.0000000000
PWY-5898: superpathway of menaquinol-12 biosynthesis	0.0000000000
PWY-5899: superpathway of menaquinol-13 biosynthesis	0.0000000000
PWY-5845: superpathway of menaquinol-9 biosynthesis	0.0000000000
PWY-6906: chitin derivatives degradation	0.0000000000
POLYAMSYN-PWY: superpathway of polyamine biosynthesis I	0.0000000000
FUCCAT-PWY: fucose degradation	0.0000000000
FUCCAT-PWY: fucose degradation|unclassified	0.0000000000
HEMESYN2-PWY: heme b biosynthesis II (oxygen-independent)	0.0000000000
HEMESYN2-PWY: heme b biosynthesis II (oxygen-independent)|unclassified	0.0000000000
PWY0-166: superpathway of pyrimidine deoxyribonucleotides de novo biosynthesis (E. coli)	0.0000000000
GALACT-GLUCUROCAT-PWY: superpathway of hexuronide and hexuronate degradation	0.0000000000
PWY-5189: tetrapyrrole biosynthesis II (from glycine)	0.0000000000
PWY-5189: tetrapyrrole biosynthesis II (from glycine)|unclassified	0.0000000000
PWY-5861: superpathway of demethylmenaquinol-8 biosynthesis I	0.0000000000
P441-PWY: superpathway of N-acetylneuraminate degradation	0.0000000000
PWY-7184: pyrimidine deoxyribonucleotides de novo biosynthesis I	0.0000000000
PWY-6545: pyrimidine deoxyribonucleotides de novo biosynthesis III	0.0000000000
PWY-5918: superpathway of heme b biosynthesis from glutamate	0.0000000000
PWY-5918: superpathway of heme b biosynthesis from glutamate|unclassified	0.0000000000
PWY-5862: superpathway of demethylmenaquinol-9 biosynthesis	0.0000000000
PWY-6876: isopropanol biosynthesis (engineered)	0.0000000000
PWY-6876: isopropanol biosynthesis (engineered)|g__Flavonifractor.s__Flavonifractor_plautii	0.6072108685
ORNDEG-PWY: superpathway of ornithine degradation	0.0000000000
ORNDEG-PWY: superpathway of ornithine degradation|unclassified	0.0000000000
MET-SAM-PWY: superpathway of S-adenosyl-L-methionine biosynthesis	0.0000000000
MET-SAM-PWY: superpathway of S-adenosyl-L-methionine biosynthesis|unclassified	0.0000000000
PWY-5347: superpathway of L-methionine biosynthesis (transsulfuration)	0.0000000000
PWY-5347: superpathway of L-methionine biosynthesis (transsulfuration)|unclassified	0.0000000000
P105-PWY: TCA cycle IV (2-oxoglutarate decarboxylase)	0.0000000000
P105-PWY: TCA cycle IV (2-oxoglutarate decarboxylase)|unclassified	0.0000000000
METSYN-PWY: superpathway of L-homoserine and L-methionine biosynthesis	0.0000000000
METSYN-PWY: superpathway of L-homoserine and L-methionine biosynthesis|unclassified	0.0000000000
GLUDEG-I-PWY: GABA shunt	0.0000000000
METHGLYUT-PWY: superpathway of methylglyoxal degradation	0.0000000000
GALACTARDEG-PWY: D-galactarate degradation I	0.0000000000
GLUCARGALACTSUPER-PWY: superpathway of D-glucarate and D-galactarate degradation	0.0000000000
PWY-7385: 1,3-propanediol biosynthesis (engineered)	0.0000000000
PWY-7858: (5Z)-dodecenoate biosynthesis II	0.0000000000
PWY-7388: octanoyl-[acyl-carrier protein] biosynthesis (mitochondria, yeast)	0.0000000000
PWY-5022: 4-aminobutanoate degradation V	0.0000000000
GLUCARDEG-PWY: D-glucarate degradation I	0.0000000000
PWY-6859: all-trans-farnesol biosynthesis	0.0000000000
GLYOXYLATE-BYPASS: glyoxylate cycle	0.0000000000
GLYOXYLATE-BYPASS: glyoxylate cycle|unclassified	0.0000000000
PWY-5920: superpathway of heme b biosynthesis from glycine	0.0000000000
PWY0-1241: ADP-L-glycero-&beta;-D-manno-heptose biosynthesis	0.0000000000
PWY0-1241: ADP-L-glycero-&beta;-D-manno-heptose biosynthesis|unclassified	0.0000000000
HEME-BIOSYNTHESIS-II: heme b biosynthesis I (aerobic)	0.0000000000
HEME-BIOSYNTHESIS-II: heme b biosynthesis I (aerobic)|unclassified	0.0000000000
HEME-BIOSYNTHESIS-II: heme b biosynthesis I (aerobic)|g__Actinomyces.s__Actinomyces_sp_HMSC035G02	0.1062083527
HEME-BIOSYNTHESIS-II-1: heme b biosynthesis V (aerobic)	0.0000000000
HEME-BIOSYNTHESIS-II-1: heme b biosynthesis V (aerobic)|unclassified	0.0000000000
PWY-5837: 2-carboxy-1,4-naphthoquinol biosynthesis	0.0000000000
PWY-821: superpathway of sulfur amino acid biosynthesis (Saccharomyces cerevisiae)	0.0000000000
HOMOSER-METSYN-PWY: L-methionine biosynthesis I	0.0000000000
HOMOSER-METSYN-PWY: L-methionine biosynthesis I|unclassified	0.0000000000
PWY-7118: chitin deacetylation	0.0000000000
PWY-6588: pyruvate fermentation to acetone	0.0000000000
PWY-6588: pyruvate fermentation to acetone|g__Flavonifractor.s__Flavonifractor_plautii	0.4205015781
PWY-7312: dTDP-&beta;-D-fucofuranose biosynthesis	0.0000000000
PWY-7312: dTDP-&beta;-D-fucofuranose biosynthesis|g__Bacteroides.s__Bacteroides_stercoris	0.1077887998
PWY0-1415: superpathway of heme b biosynthesis from uroporphyrinogen-III	0.0000000000
PWY-5136: fatty acid &beta;-oxidation II (plant peroxisome)	0.0000000000
PWY-822: fructan biosynthesis	0.0000000000
PWY-822: fructan biosynthesis|g__Streptococcus.s__Streptococcus_equinus	0.9954647884
PWY-822: fructan biosynthesis|g__Streptococcus.s__Streptococcus_pneumoniae	0.1571317808
PWY-822: fructan biosynthesis|g__Streptococcus.s__Streptococcus_salivarius	0.0158446127
PWY-6803: phosphatidylcholine acyl editing	0.0000000000
PWY-6803: phosphatidylcholine acyl editing|g__Escherichia.s__Escherichia_coli	0.3660557276
PWY-6803: phosphatidylcholine acyl editing|g__Klebsiella.s__Klebsiella_oxytoca	0.0949517997
NAD-BIOSYNTHESIS-II: NAD salvage pathway III (to nicotinamide riboside)	0.0000000000
PWY-5104: L-isoleucine biosynthesis IV	0.0000000000
PWY-5104: L-isoleucine biosynthesis IV|unclassified	0.0000000000
PWY-6293: superpathway of L-cysteine biosynthesis (fungi)	0.0000000000
PWY66-391: fatty acid &beta;-oxidation VI (mammalian peroxisome)	0.0000000000
PWY-5677: succinate fermentation to butanoate	0.0000000000
LIPASYN-PWY: phospholipases	0.0000000000
PWY66-389: phytol degradation	0.0000000000
PWY66-389: phytol degradation|unclassified	0.0000000000
PWY-7783: plasmalogen degradation	0.0000000000
PWY-801: homocysteine and cysteine interconversion	0.0000000000
PWY-7942: 5-oxo-L-proline metabolism	0.0000000000
PWY-7942: 5-oxo-L-proline metabolism|unclassified	0.0000000000
PWY-6138: CMP-N-acetylneuraminate biosynthesis I (eukaryotes)	0.0000000000
PWY-6518: bile acids epimerization	0.0000000000
PWY0-1277: 3-phenylpropanoate and 3-(3-hydroxyphenyl)propanoate degradation	0.0000000000
PWY0-1277: 3-phenylpropanoate and 3-(3-hydroxyphenyl)propanoate degradation|unclassified	0.0000000000
PWY-6531: mannitol cycle	0.0000000000
PWY-6531: mannitol cycle|unclassified	0.0000000000
HCAMHPDEG-PWY: 3-phenylpropanoate and 3-(3-hydroxyphenyl)propanoate degradation to 2-hydroxypentadienoate	0.0000000000
HCAMHPDEG-PWY: 3-phenylpropanoate and 3-(3-hydroxyphenyl)propanoate degradation to 2-hydroxypentadienoate|unclassified	0.0000000000
PWY-6690: cinnamate and 3-hydroxycinnamate degradation to 2-hydroxypentadienoate	0.0000000000
PWY-6690: cinnamate and 3-hydroxycinnamate degradation to 2-hydroxypentadienoate|unclassified	0.0000000000